[Probe1_AnalogGainG1]
APD1=10
APD2=10
APD3=10
APD4=10
APD5=10
APD6=10
APD7=10
APD8=10
[Probe1_AnalogGainG2]
APD1=1
APD2=1
APD3=10
APD4=10
APD5=10
APD6=10
APD7=10
APD8=1
[Probe1_AnalogGainG3]
APD1=3
APD2=1
APD3=1
APD4=1
APD5=1
APD6=1
APD7=1
APD8=1
[Probe1_AnalogGainATT]
APD1=199
APD2=207
APD3=228
APD4=113
APD5=133
APD6=230
APD7=241
APD8=118
[Probe1_AnalogGainRate]
APD1=468.235294
APD2=162.352941
APD3=1788.235294
APD4=886.274510
APD5=1043.137255
APD6=1803.921569
APD7=1890.196078
APD8=92.549020
[Probe1_TrimmingGainRate]
APD1_Wave1=163.000000
APD1_Wave2=163.000000
APD1_Wave3=11.920000
APD1_Wave4=2.740000
APD1_Wave5=25.340000
APD1_Wave6=5.190000
APD1_Wave7=22.650000
APD1_Wave8=5.100000
APD2_Wave1=163.000000
APD2_Wave2=163.000000
APD2_Wave3=16.130000
APD2_Wave4=3.600000
APD2_Wave5=133.570000
APD2_Wave6=19.530000
APD2_Wave7=8.210000
APD2_Wave8=2.150000
APD3_Wave1=37.100000
APD3_Wave2=7.390000
APD3_Wave3=163.000000
APD3_Wave4=163.000000
APD3_Wave5=104.940000
APD3_Wave6=15.010000
APD3_Wave7=163.000000
APD3_Wave8=31.260000
APD4_Wave1=8.520000
APD4_Wave2=2.020000
APD4_Wave3=125.380000
APD4_Wave4=19.560000
APD4_Wave5=56.730000
APD4_Wave6=13.080000
APD4_Wave7=163.000000
APD4_Wave8=33.350000
APD5_Wave1=8.710000
APD5_Wave2=2.110000
APD5_Wave3=163.000000
APD5_Wave4=163.000000
APD5_Wave5=163.000000
APD5_Wave6=163.000000
APD5_Wave7=163.000000
APD5_Wave8=163.000000
APD6_Wave1=106.390000
APD6_Wave2=15.190000
APD6_Wave3=113.210000
APD6_Wave4=16.800000
APD6_Wave5=163.000000
APD6_Wave6=163.000000
APD6_Wave7=163.000000
APD6_Wave8=95.220000
APD7_Wave1=163.000000
APD7_Wave2=124.690000
APD7_Wave3=163.000000
APD7_Wave4=163.000000
APD7_Wave5=163.000000
APD7_Wave6=163.000000
APD7_Wave7=163.000000
APD7_Wave8=163.000000
APD8_Wave1=163.000000
APD8_Wave2=163.000000
APD8_Wave3=163.000000
APD8_Wave4=163.000000
APD8_Wave5=163.000000
APD8_Wave6=163.000000
APD8_Wave7=163.000000
APD8_Wave8=163.000000
[Probe2_AnalogGainG1]
APD1=10
APD2=10
APD3=10
APD4=10
APD5=10
APD6=10
APD7=10
APD8=10
[Probe2_AnalogGainG2]
APD1=1
APD2=1
APD3=1
APD4=1
APD5=10
APD6=10
APD7=10
APD8=1
[Probe2_AnalogGainG3]
APD1=1
APD2=3
APD3=3
APD4=3
APD5=1
APD6=3
APD7=1
APD8=1
[Probe2_AnalogGainATT]
APD1=41
APD2=106
APD3=108
APD4=214
APD5=218
APD6=92
APD7=149
APD8=64
[Probe2_AnalogGainRate]
APD1=32.156863
APD2=249.411765
APD3=254.117647
APD4=503.529412
APD5=1709.803922
APD6=2164.705882
APD7=1168.627451
APD8=50.196078
[Probe2_TrimmingGainRate]
APD1_Wave1=163.000000
APD1_Wave2=163.000000
APD1_Wave3=13.030000
APD1_Wave4=3.010000
APD1_Wave5=28.380000
APD1_Wave6=6.900000
APD1_Wave7=11.870000
APD1_Wave8=3.000000
APD2_Wave1=163.000000
APD2_Wave2=163.000000
APD2_Wave3=7.940000
APD2_Wave4=1.700000
APD2_Wave5=99.890000
APD2_Wave6=15.870000
APD2_Wave7=44.270000
APD2_Wave8=9.480000
APD3_Wave1=7.400000
APD3_Wave2=1.560000
APD3_Wave3=163.000000
APD3_Wave4=163.000000
APD3_Wave5=163.000000
APD3_Wave6=163.000000
APD3_Wave7=68.140000
APD3_Wave8=13.690000
APD4_Wave1=8.350000
APD4_Wave2=1.900000
APD4_Wave3=81.400000
APD4_Wave4=18.390000
APD4_Wave5=47.260000
APD4_Wave6=11.450000
APD4_Wave7=163.000000
APD4_Wave8=28.630000
APD5_Wave1=36.720000
APD5_Wave2=6.310000
APD5_Wave3=163.000000
APD5_Wave4=56.740000
APD5_Wave5=163.000000
APD5_Wave6=163.000000
APD5_Wave7=163.000000
APD5_Wave8=163.000000
APD6_Wave1=163.000000
APD6_Wave2=27.050000
APD6_Wave3=163.000000
APD6_Wave4=163.000000
APD6_Wave5=163.000000
APD6_Wave6=163.000000
APD6_Wave7=163.000000
APD6_Wave8=74.050000
APD7_Wave1=163.000000
APD7_Wave2=40.420000
APD7_Wave3=13.640000
APD7_Wave4=3.470000
APD7_Wave5=163.000000
APD7_Wave6=163.000000
APD7_Wave7=163.000000
APD7_Wave8=145.560000
APD8_Wave1=163.000000
APD8_Wave2=163.000000
APD8_Wave3=163.000000
APD8_Wave4=163.000000
APD8_Wave5=163.000000
APD8_Wave6=163.000000
APD8_Wave7=163.000000
APD8_Wave8=163.000000
