[Probe1_AnalogGainG1]
APD1=10
APD2=10
APD3=10
APD4=10
APD5=10
APD6=10
APD7=10
APD8=10
[Probe1_AnalogGainG2]
APD1=10
APD2=10
APD3=10
APD4=1
APD5=10
APD6=1
APD7=10
APD8=1
[Probe1_AnalogGainG3]
APD1=1
APD2=1
APD3=3
APD4=1
APD5=1
APD6=3
APD7=1
APD8=3
[Probe1_AnalogGainATT]
APD1=207
APD2=107
APD3=87
APD4=194
APD5=195
APD6=200
APD7=189
APD8=243
[Probe1_AnalogGainRate]
APD1=1623.529412
APD2=839.215686
APD3=2047.058824
APD4=152.156863
APD5=1529.411765
APD6=470.588235
APD7=1482.352941
APD8=571.764706
[Probe1_TrimmingGainRate]
APD1_Wave1=163.000000
APD1_Wave2=163.000000
APD1_Wave3=45.290000
APD1_Wave4=4.290000
APD1_Wave5=125.310000
APD1_Wave6=6.980000
APD1_Wave7=163.000000
APD1_Wave8=119.820000
APD2_Wave1=163.000000
APD2_Wave2=163.000000
APD2_Wave3=163.000000
APD2_Wave4=61.830000
APD2_Wave5=163.000000
APD2_Wave6=7.520000
APD2_Wave7=22.720000
APD2_Wave8=2.190000
APD3_Wave1=163.000000
APD3_Wave2=41.120000
APD3_Wave3=163.000000
APD3_Wave4=163.000000
APD3_Wave5=163.000000
APD3_Wave6=49.000000
APD3_Wave7=163.000000
APD3_Wave8=12.830000
APD4_Wave1=38.860000
APD4_Wave2=2.630000
APD4_Wave3=19.980000
APD4_Wave4=3.110000
APD4_Wave5=73.130000
APD4_Wave6=9.510000
APD4_Wave7=163.000000
APD4_Wave8=17.420000
APD5_Wave1=57.240000
APD5_Wave2=3.390000
APD5_Wave3=163.000000
APD5_Wave4=105.590000
APD5_Wave5=163.000000
APD5_Wave6=23.010000
APD5_Wave7=163.000000
APD5_Wave8=163.000000
APD6_Wave1=18.430000
APD6_Wave2=2.980000
APD6_Wave3=47.030000
APD6_Wave4=7.220000
APD6_Wave5=163.000000
APD6_Wave6=163.000000
APD6_Wave7=40.190000
APD6_Wave8=5.560000
APD7_Wave1=163.000000
APD7_Wave2=19.010000
APD7_Wave3=58.640000
APD7_Wave4=4.220000
APD7_Wave5=163.000000
APD7_Wave6=163.000000
APD7_Wave7=163.000000
APD7_Wave8=12.060000
APD8_Wave1=163.000000
APD8_Wave2=163.000000
APD8_Wave3=163.000000
APD8_Wave4=163.000000
APD8_Wave5=163.000000
APD8_Wave6=163.000000
APD8_Wave7=163.000000
APD8_Wave8=163.000000
[Probe2_AnalogGainG1]
APD1=10
APD2=10
APD3=10
APD4=10
APD5=10
APD6=10
APD7=10
APD8=10
[Probe2_AnalogGainG2]
APD1=1
APD2=1
APD3=10
APD4=1
APD5=1
APD6=10
APD7=10
APD8=1
[Probe2_AnalogGainG3]
APD1=3
APD2=1
APD3=1
APD4=1
APD5=1
APD6=1
APD7=1
APD8=3
[Probe2_AnalogGainATT]
APD1=108
APD2=70
APD3=154
APD4=227
APD5=160
APD6=150
APD7=175
APD8=156
[Probe2_AnalogGainRate]
APD1=254.117647
APD2=54.901961
APD3=1207.843137
APD4=178.039216
APD5=125.490196
APD6=1176.470588
APD7=1372.549020
APD8=367.058824
[Probe2_TrimmingGainRate]
APD1_Wave1=163.000000
APD1_Wave2=163.000000
APD1_Wave3=16.910000
APD1_Wave4=2.740000
APD1_Wave5=28.380000
APD1_Wave6=3.070000
APD1_Wave7=163.000000
APD1_Wave8=37.580000
APD2_Wave1=163.000000
APD2_Wave2=163.000000
APD2_Wave3=143.830000
APD2_Wave4=13.730000
APD2_Wave5=163.000000
APD2_Wave6=25.220000
APD2_Wave7=5.810000
APD2_Wave8=1.520000
APD3_Wave1=55.140000
APD3_Wave2=4.350000
APD3_Wave3=163.000000
APD3_Wave4=163.000000
APD3_Wave5=163.000000
APD3_Wave6=15.450000
APD3_Wave7=160.110000
APD3_Wave8=8.190000
APD4_Wave1=46.720000
APD4_Wave2=3.510000
APD4_Wave3=37.420000
APD4_Wave4=5.680000
APD4_Wave5=18.980000
APD4_Wave6=2.980000
APD4_Wave7=163.000000
APD4_Wave8=53.090000
APD5_Wave1=10.170000
APD5_Wave2=1.470000
APD5_Wave3=163.000000
APD5_Wave4=46.860000
APD5_Wave5=46.150000
APD5_Wave6=8.360000
APD5_Wave7=163.000000
APD5_Wave8=163.000000
APD6_Wave1=105.280000
APD6_Wave2=8.250000
APD6_Wave3=163.000000
APD6_Wave4=20.870000
APD6_Wave5=163.000000
APD6_Wave6=163.000000
APD6_Wave7=87.940000
APD6_Wave8=6.380000
APD7_Wave1=163.000000
APD7_Wave2=101.180000
APD7_Wave3=163.000000
APD7_Wave4=22.300000
APD7_Wave5=163.000000
APD7_Wave6=163.000000
APD7_Wave7=32.230000
APD7_Wave8=4.820000
APD8_Wave1=163.000000
APD8_Wave2=163.000000
APD8_Wave3=163.000000
APD8_Wave4=163.000000
APD8_Wave5=163.000000
APD8_Wave6=163.000000
APD8_Wave7=163.000000
APD8_Wave8=163.000000
