[Probe1_AnalogGainG1]
APD1=1
APD2=10
APD3=10
APD4=10
APD5=1
APD6=10
APD7=10
APD8=10
[Probe1_AnalogGainG2]
APD1=1
APD2=1
APD3=1
APD4=1
APD5=1
APD6=1
APD7=1
APD8=1
[Probe1_AnalogGainG3]
APD1=1
APD2=1
APD3=1
APD4=1
APD5=1
APD6=3
APD7=1
APD8=3
[Probe1_AnalogGainATT]
APD1=162
APD2=38
APD3=202
APD4=77
APD5=200
APD6=154
APD7=249
APD8=119
[Probe1_AnalogGainRate]
APD1=12.705882
APD2=29.803922
APD3=158.431373
APD4=60.392157
APD5=15.686275
APD6=362.352941
APD7=195.294118
APD8=280.000000
[Probe1_TrimmingGainRate]
APD1_Wave1=163.000000
APD1_Wave2=163.000000
APD1_Wave3=8.390000
APD1_Wave4=4.460000
APD1_Wave5=62.510000
APD1_Wave6=19.070000
APD1_Wave7=5.090000
APD1_Wave8=2.510000
APD2_Wave1=163.000000
APD2_Wave2=163.000000
APD2_Wave3=11.270000
APD2_Wave4=3.070000
APD2_Wave5=19.090000
APD2_Wave6=4.020000
APD2_Wave7=14.270000
APD2_Wave8=3.930000
APD3_Wave1=5.560000
APD3_Wave2=1.800000
APD3_Wave3=163.000000
APD3_Wave4=163.000000
APD3_Wave5=41.600000
APD3_Wave6=12.860000
APD3_Wave7=28.230000
APD3_Wave8=7.060000
APD4_Wave1=6.990000
APD4_Wave2=1.780000
APD4_Wave3=89.820000
APD4_Wave4=18.650000
APD4_Wave5=53.430000
APD4_Wave6=12.360000
APD4_Wave7=32.870000
APD4_Wave8=6.250000
APD5_Wave1=5.490000
APD5_Wave2=1.500000
APD5_Wave3=156.190000
APD5_Wave4=26.760000
APD5_Wave5=76.190000
APD5_Wave6=15.250000
APD5_Wave7=163.000000
APD5_Wave8=163.000000
APD6_Wave1=31.230000
APD6_Wave2=8.990000
APD6_Wave3=13.010000
APD6_Wave4=4.470000
APD6_Wave5=163.000000
APD6_Wave6=163.000000
APD6_Wave7=7.910000
APD6_Wave8=3.010000
APD7_Wave1=13.050000
APD7_Wave2=2.410000
APD7_Wave3=9.050000
APD7_Wave4=4.210000
APD7_Wave5=163.000000
APD7_Wave6=163.000000
APD7_Wave7=48.200000
APD7_Wave8=9.070000
APD8_Wave1=163.000000
APD8_Wave2=163.000000
APD8_Wave3=163.000000
APD8_Wave4=163.000000
APD8_Wave5=163.000000
APD8_Wave6=163.000000
APD8_Wave7=163.000000
APD8_Wave8=163.000000
[Probe2_AnalogGainG1]
APD1=10
APD2=1
APD3=10
APD4=10
APD5=10
APD6=10
APD7=10
APD8=10
[Probe2_AnalogGainG2]
APD1=1
APD2=1
APD3=1
APD4=1
APD5=1
APD6=1
APD7=1
APD8=1
[Probe2_AnalogGainG3]
APD1=1
APD2=1
APD3=1
APD4=1
APD5=3
APD6=3
APD7=3
APD8=3
[Probe2_AnalogGainATT]
APD1=55
APD2=175
APD3=60
APD4=77
APD5=198
APD6=86
APD7=193
APD8=148
[Probe2_AnalogGainRate]
APD1=43.137255
APD2=13.725490
APD3=47.058824
APD4=60.392157
APD5=465.882353
APD6=202.352941
APD7=454.117647
APD8=348.235294
[Probe2_TrimmingGainRate]
APD1_Wave1=163.000000
APD1_Wave2=163.000000
APD1_Wave3=17.630000
APD1_Wave4=5.020000
APD1_Wave5=10.960000
APD1_Wave6=3.150000
APD1_Wave7=12.740000
APD1_Wave8=3.250000
APD2_Wave1=163.000000
APD2_Wave2=163.000000
APD2_Wave3=7.560000
APD2_Wave4=2.810000
APD2_Wave5=55.120000
APD2_Wave6=18.770000
APD2_Wave7=6.740000
APD2_Wave8=3.160000
APD3_Wave1=6.690000
APD3_Wave2=1.900000
APD3_Wave3=163.000000
APD3_Wave4=163.000000
APD3_Wave5=163.000000
APD3_Wave6=128.170000
APD3_Wave7=17.430000
APD3_Wave8=5.450000
APD4_Wave1=12.660000
APD4_Wave2=2.890000
APD4_Wave3=75.700000
APD4_Wave4=17.640000
APD4_Wave5=33.990000
APD4_Wave6=6.960000
APD4_Wave7=15.040000
APD4_Wave8=4.480000
APD5_Wave1=9.010000
APD5_Wave2=2.850000
APD5_Wave3=19.970000
APD5_Wave4=5.430000
APD5_Wave5=14.960000
APD5_Wave6=8.220000
APD5_Wave7=163.000000
APD5_Wave8=163.000000
APD6_Wave1=6.160000
APD6_Wave2=1.670000
APD6_Wave3=92.540000
APD6_Wave4=17.950000
APD6_Wave5=163.000000
APD6_Wave6=163.000000
APD6_Wave7=30.760000
APD6_Wave8=8.370000
APD7_Wave1=18.260000
APD7_Wave2=5.010000
APD7_Wave3=11.030000
APD7_Wave4=2.420000
APD7_Wave5=163.000000
APD7_Wave6=163.000000
APD7_Wave7=70.870000
APD7_Wave8=31.330000
APD8_Wave1=163.000000
APD8_Wave2=163.000000
APD8_Wave3=163.000000
APD8_Wave4=163.000000
APD8_Wave5=163.000000
APD8_Wave6=163.000000
APD8_Wave7=163.000000
APD8_Wave8=163.000000
