[Probe1_AnalogGainG1]
APD1=10
APD2=1
APD3=10
APD4=10
APD5=1
APD6=10
APD7=10
APD8=10
[Probe1_AnalogGainG2]
APD1=1
APD2=1
APD3=1
APD4=1
APD5=1
APD6=1
APD7=1
APD8=1
[Probe1_AnalogGainG3]
APD1=1
APD2=1
APD3=3
APD4=1
APD5=1
APD6=3
APD7=1
APD8=3
[Probe1_AnalogGainATT]
APD1=178
APD2=176
APD3=128
APD4=35
APD5=221
APD6=98
APD7=77
APD8=164
[Probe1_AnalogGainRate]
APD1=139.607843
APD2=13.803922
APD3=301.176471
APD4=27.450980
APD5=17.333333
APD6=230.588235
APD7=60.392157
APD8=385.882353
[Probe1_TrimmingGainRate]
APD1_Wave1=163.000000
APD1_Wave2=163.000000
APD1_Wave3=37.720000
APD1_Wave4=9.370000
APD1_Wave5=28.320000
APD1_Wave6=6.190000
APD1_Wave7=7.260000
APD1_Wave8=1.870000
APD2_Wave1=163.000000
APD2_Wave2=163.000000
APD2_Wave3=10.290000
APD2_Wave4=2.710000
APD2_Wave5=14.380000
APD2_Wave6=3.320000
APD2_Wave7=21.340000
APD2_Wave8=7.320000
APD3_Wave1=8.330000
APD3_Wave2=2.170000
APD3_Wave3=163.000000
APD3_Wave4=163.000000
APD3_Wave5=17.560000
APD3_Wave6=4.870000
APD3_Wave7=28.270000
APD3_Wave8=7.380000
APD4_Wave1=9.620000
APD4_Wave2=2.730000
APD4_Wave3=105.290000
APD4_Wave4=28.800000
APD4_Wave5=45.600000
APD4_Wave6=10.390000
APD4_Wave7=12.850000
APD4_Wave8=3.310000
APD5_Wave1=7.590000
APD5_Wave2=2.070000
APD5_Wave3=29.850000
APD5_Wave4=6.560000
APD5_Wave5=27.680000
APD5_Wave6=5.550000
APD5_Wave7=163.000000
APD5_Wave8=163.000000
APD6_Wave1=26.370000
APD6_Wave2=6.330000
APD6_Wave3=12.870000
APD6_Wave4=3.200000
APD6_Wave5=163.000000
APD6_Wave6=163.000000
APD6_Wave7=16.720000
APD6_Wave8=3.350000
APD7_Wave1=13.930000
APD7_Wave2=3.020000
APD7_Wave3=22.560000
APD7_Wave4=5.100000
APD7_Wave5=163.000000
APD7_Wave6=163.000000
APD7_Wave7=15.960000
APD7_Wave8=3.460000
APD8_Wave1=163.000000
APD8_Wave2=163.000000
APD8_Wave3=163.000000
APD8_Wave4=163.000000
APD8_Wave5=163.000000
APD8_Wave6=163.000000
APD8_Wave7=163.000000
APD8_Wave8=163.000000
[Probe2_AnalogGainG1]
APD1=10
APD2=1
APD3=1
APD4=1
APD5=10
APD6=10
APD7=10
APD8=10
[Probe2_AnalogGainG2]
APD1=1
APD2=1
APD3=1
APD4=1
APD5=1
APD6=1
APD7=1
APD8=1
[Probe2_AnalogGainG3]
APD1=1
APD2=1
APD3=1
APD4=1
APD5=3
APD6=1
APD7=1
APD8=3
[Probe2_AnalogGainATT]
APD1=32
APD2=227
APD3=200
APD4=239
APD5=99
APD6=117
APD7=235
APD8=113
[Probe2_AnalogGainRate]
APD1=25.098039
APD2=17.803922
APD3=15.686275
APD4=18.745098
APD5=232.941176
APD6=91.764706
APD7=184.313725
APD8=265.882353
[Probe2_TrimmingGainRate]
APD1_Wave1=163.000000
APD1_Wave2=163.000000
APD1_Wave3=23.060000
APD1_Wave4=5.050000
APD1_Wave5=7.540000
APD1_Wave6=2.100000
APD1_Wave7=32.630000
APD1_Wave8=7.120000
APD2_Wave1=163.000000
APD2_Wave2=163.000000
APD2_Wave3=21.030000
APD2_Wave4=5.610000
APD2_Wave5=20.290000
APD2_Wave6=6.490000
APD2_Wave7=6.820000
APD2_Wave8=2.270000
APD3_Wave1=7.240000
APD3_Wave2=2.000000
APD3_Wave3=163.000000
APD3_Wave4=163.000000
APD3_Wave5=26.310000
APD3_Wave6=10.720000
APD3_Wave7=17.480000
APD3_Wave8=5.150000
APD4_Wave1=9.930000
APD4_Wave2=2.370000
APD4_Wave3=33.320000
APD4_Wave4=8.910000
APD4_Wave5=31.600000
APD4_Wave6=7.840000
APD4_Wave7=17.280000
APD4_Wave8=5.100000
APD5_Wave1=12.580000
APD5_Wave2=2.680000
APD5_Wave3=21.780000
APD5_Wave4=4.990000
APD5_Wave5=12.170000
APD5_Wave6=5.500000
APD5_Wave7=163.000000
APD5_Wave8=163.000000
APD6_Wave1=12.140000
APD6_Wave2=2.960000
APD6_Wave3=15.330000
APD6_Wave4=5.080000
APD6_Wave5=163.000000
APD6_Wave6=163.000000
APD6_Wave7=16.370000
APD6_Wave8=3.990000
APD7_Wave1=9.950000
APD7_Wave2=2.720000
APD7_Wave3=14.860000
APD7_Wave4=3.920000
APD7_Wave5=163.000000
APD7_Wave6=163.000000
APD7_Wave7=19.230000
APD7_Wave8=8.390000
APD8_Wave1=163.000000
APD8_Wave2=163.000000
APD8_Wave3=163.000000
APD8_Wave4=163.000000
APD8_Wave5=163.000000
APD8_Wave6=163.000000
APD8_Wave7=163.000000
APD8_Wave8=163.000000
