[Probe1_AnalogGainG1]
APD1=10
APD2=10
APD3=10
APD4=10
APD5=1
APD6=10
APD7=10
APD8=10
[Probe1_AnalogGainG2]
APD1=1
APD2=1
APD3=1
APD4=1
APD5=1
APD6=1
APD7=1
APD8=1
[Probe1_AnalogGainG3]
APD1=1
APD2=1
APD3=1
APD4=1
APD5=1
APD6=1
APD7=1
APD8=1
[Probe1_AnalogGainATT]
APD1=35
APD2=34
APD3=58
APD4=26
APD5=129
APD6=77
APD7=53
APD8=77
[Probe1_AnalogGainRate]
APD1=27.450980
APD2=26.666667
APD3=45.490196
APD4=20.392157
APD5=10.117647
APD6=60.392157
APD7=41.568627
APD8=60.392157
[Probe1_TrimmingGainRate]
APD1_Wave1=163.000000
APD1_Wave2=163.000000
APD1_Wave3=20.910000
APD1_Wave4=3.310000
APD1_Wave5=14.670000
APD1_Wave6=2.800000
APD1_Wave7=21.620000
APD1_Wave8=3.710000
APD2_Wave1=163.000000
APD2_Wave2=163.000000
APD2_Wave3=18.090000
APD2_Wave4=3.670000
APD2_Wave5=27.590000
APD2_Wave6=4.140000
APD2_Wave7=10.310000
APD2_Wave8=2.930000
APD3_Wave1=10.070000
APD3_Wave2=1.740000
APD3_Wave3=163.000000
APD3_Wave4=163.000000
APD3_Wave5=49.540000
APD3_Wave6=6.650000
APD3_Wave7=38.360000
APD3_Wave8=6.390000
APD4_Wave1=12.980000
APD4_Wave2=2.120000
APD4_Wave3=49.150000
APD4_Wave4=9.570000
APD4_Wave5=27.290000
APD4_Wave6=5.780000
APD4_Wave7=71.210000
APD4_Wave8=8.070000
APD5_Wave1=14.260000
APD5_Wave2=3.400000
APD5_Wave3=163.000000
APD5_Wave4=34.910000
APD5_Wave5=7.520000
APD5_Wave6=2.160000
APD5_Wave7=163.000000
APD5_Wave8=163.000000
APD6_Wave1=10.420000
APD6_Wave2=1.830000
APD6_Wave3=82.070000
APD6_Wave4=10.000000
APD6_Wave5=163.000000
APD6_Wave6=163.000000
APD6_Wave7=26.600000
APD6_Wave8=4.450000
APD7_Wave1=52.790000
APD7_Wave2=4.970000
APD7_Wave3=11.940000
APD7_Wave4=1.960000
APD7_Wave5=163.000000
APD7_Wave6=163.000000
APD7_Wave7=39.460000
APD7_Wave8=5.720000
APD8_Wave1=163.000000
APD8_Wave2=163.000000
APD8_Wave3=163.000000
APD8_Wave4=163.000000
APD8_Wave5=163.000000
APD8_Wave6=163.000000
APD8_Wave7=163.000000
APD8_Wave8=163.000000
[Probe2_AnalogGainG1]
APD1=10
APD2=10
APD3=1
APD4=1
APD5=10
APD6=10
APD7=10
APD8=10
[Probe2_AnalogGainG2]
APD1=1
APD2=1
APD3=1
APD4=1
APD5=1
APD6=1
APD7=1
APD8=1
[Probe2_AnalogGainG3]
APD1=1
APD2=1
APD3=1
APD4=1
APD5=1
APD6=1
APD7=1
APD8=1
[Probe2_AnalogGainATT]
APD1=25
APD2=31
APD3=117
APD4=205
APD5=62
APD6=38
APD7=88
APD8=92
[Probe2_AnalogGainRate]
APD1=19.607843
APD2=24.313725
APD3=9.176471
APD4=16.078431
APD5=48.627451
APD6=29.803922
APD7=69.019608
APD8=72.156863
[Probe2_TrimmingGainRate]
APD1_Wave1=163.000000
APD1_Wave2=163.000000
APD1_Wave3=53.550000
APD1_Wave4=9.070000
APD1_Wave5=8.010000
APD1_Wave6=1.900000
APD1_Wave7=28.960000
APD1_Wave8=6.870000
APD2_Wave1=163.000000
APD2_Wave2=163.000000
APD2_Wave3=26.750000
APD2_Wave4=6.060000
APD2_Wave5=13.370000
APD2_Wave6=2.590000
APD2_Wave7=18.250000
APD2_Wave8=3.450000
APD3_Wave1=14.120000
APD3_Wave2=3.310000
APD3_Wave3=163.000000
APD3_Wave4=163.000000
APD3_Wave5=6.360000
APD3_Wave6=2.810000
APD3_Wave7=37.210000
APD3_Wave8=8.820000
APD4_Wave1=11.620000
APD4_Wave2=2.420000
APD4_Wave3=43.220000
APD4_Wave4=8.900000
APD4_Wave5=17.540000
APD4_Wave6=3.690000
APD4_Wave7=76.890000
APD4_Wave8=15.510000
APD5_Wave1=14.970000
APD5_Wave2=2.640000
APD5_Wave3=23.240000
APD5_Wave4=3.380000
APD5_Wave5=21.040000
APD5_Wave6=5.660000
APD5_Wave7=163.000000
APD5_Wave8=163.000000
APD6_Wave1=20.860000
APD6_Wave2=4.510000
APD6_Wave3=13.170000
APD6_Wave4=3.740000
APD6_Wave5=163.000000
APD6_Wave6=163.000000
APD6_Wave7=17.320000
APD6_Wave8=3.410000
APD7_Wave1=16.410000
APD7_Wave2=2.650000
APD7_Wave3=21.370000
APD7_Wave4=3.680000
APD7_Wave5=163.000000
APD7_Wave6=163.000000
APD7_Wave7=28.390000
APD7_Wave8=7.180000
APD8_Wave1=163.000000
APD8_Wave2=163.000000
APD8_Wave3=163.000000
APD8_Wave4=163.000000
APD8_Wave5=163.000000
APD8_Wave6=163.000000
APD8_Wave7=163.000000
APD8_Wave8=163.000000
