[Probe1_AnalogGainG1]
APD1=10
APD2=10
APD3=10
APD4=10
APD5=10
APD6=10
APD7=10
APD8=10
[Probe1_AnalogGainG2]
APD1=1
APD2=1
APD3=1
APD4=1
APD5=1
APD6=1
APD7=1
APD8=1
[Probe1_AnalogGainG3]
APD1=3
APD2=3
APD3=3
APD4=3
APD5=3
APD6=3
APD7=3
APD8=1
[Probe1_AnalogGainATT]
APD1=229
APD2=229
APD3=230
APD4=228
APD5=226
APD6=226
APD7=231
APD8=63
[Probe1_AnalogGainRate]
APD1=538.823529
APD2=538.823529
APD3=541.176471
APD4=536.470588
APD5=531.764706
APD6=531.764706
APD7=543.529412
APD8=49.411765
[Probe1_TrimmingGainRate]
APD1_Wave1=163.000000
APD1_Wave2=163.000000
APD1_Wave3=163.000000
APD1_Wave4=163.000000
APD1_Wave5=163.000000
APD1_Wave6=163.000000
APD1_Wave7=163.000000
APD1_Wave8=163.000000
APD2_Wave1=163.000000
APD2_Wave2=163.000000
APD2_Wave3=163.000000
APD2_Wave4=163.000000
APD2_Wave5=163.000000
APD2_Wave6=163.000000
APD2_Wave7=163.000000
APD2_Wave8=163.000000
APD3_Wave1=163.000000
APD3_Wave2=163.000000
APD3_Wave3=163.000000
APD3_Wave4=163.000000
APD3_Wave5=163.000000
APD3_Wave6=163.000000
APD3_Wave7=163.000000
APD3_Wave8=163.000000
APD4_Wave1=163.000000
APD4_Wave2=163.000000
APD4_Wave3=163.000000
APD4_Wave4=163.000000
APD4_Wave5=163.000000
APD4_Wave6=163.000000
APD4_Wave7=163.000000
APD4_Wave8=163.000000
APD5_Wave1=163.000000
APD5_Wave2=163.000000
APD5_Wave3=163.000000
APD5_Wave4=163.000000
APD5_Wave5=163.000000
APD5_Wave6=163.000000
APD5_Wave7=163.000000
APD5_Wave8=163.000000
APD6_Wave1=163.000000
APD6_Wave2=163.000000
APD6_Wave3=163.000000
APD6_Wave4=163.000000
APD6_Wave5=163.000000
APD6_Wave6=163.000000
APD6_Wave7=163.000000
APD6_Wave8=163.000000
APD7_Wave1=163.000000
APD7_Wave2=163.000000
APD7_Wave3=163.000000
APD7_Wave4=163.000000
APD7_Wave5=163.000000
APD7_Wave6=163.000000
APD7_Wave7=163.000000
APD7_Wave8=163.000000
APD8_Wave1=163.000000
APD8_Wave2=163.000000
APD8_Wave3=163.000000
APD8_Wave4=163.000000
APD8_Wave5=163.000000
APD8_Wave6=163.000000
APD8_Wave7=163.000000
APD8_Wave8=163.000000
[Probe2_AnalogGainG1]
APD1=10
APD2=10
APD3=10
APD4=10
APD5=10
APD6=1
APD7=10
APD8=10
[Probe2_AnalogGainG2]
APD1=10
APD2=10
APD3=1
APD4=10
APD5=10
APD6=1
APD7=10
APD8=1
[Probe2_AnalogGainG3]
APD1=1
APD2=1
APD3=1
APD4=1
APD5=1
APD6=1
APD7=1
APD8=1
[Probe2_AnalogGainATT]
APD1=104
APD2=108
APD3=245
APD4=110
APD5=98
APD6=16
APD7=97
APD8=154
[Probe2_AnalogGainRate]
APD1=815.686275
APD2=847.058824
APD3=192.156863
APD4=862.745098
APD5=768.627451
APD6=1.254902
APD7=760.784314
APD8=120.784314
[Probe2_TrimmingGainRate]
APD1_Wave1=163.000000
APD1_Wave2=163.000000
APD1_Wave3=163.000000
APD1_Wave4=163.000000
APD1_Wave5=163.000000
APD1_Wave6=163.000000
APD1_Wave7=163.000000
APD1_Wave8=163.000000
APD2_Wave1=163.000000
APD2_Wave2=163.000000
APD2_Wave3=163.000000
APD2_Wave4=163.000000
APD2_Wave5=163.000000
APD2_Wave6=163.000000
APD2_Wave7=163.000000
APD2_Wave8=163.000000
APD3_Wave1=163.000000
APD3_Wave2=64.170000
APD3_Wave3=163.000000
APD3_Wave4=163.000000
APD3_Wave5=22.250000
APD3_Wave6=30.710000
APD3_Wave7=163.000000
APD3_Wave8=163.000000
APD4_Wave1=163.000000
APD4_Wave2=163.000000
APD4_Wave3=163.000000
APD4_Wave4=163.000000
APD4_Wave5=163.000000
APD4_Wave6=163.000000
APD4_Wave7=163.000000
APD4_Wave8=163.000000
APD5_Wave1=163.000000
APD5_Wave2=163.000000
APD5_Wave3=163.000000
APD5_Wave4=163.000000
APD5_Wave5=163.000000
APD5_Wave6=163.000000
APD5_Wave7=163.000000
APD5_Wave8=163.000000
APD6_Wave1=130.820000
APD6_Wave2=11.390000
APD6_Wave3=0.990000
APD6_Wave4=0.500000
APD6_Wave5=163.000000
APD6_Wave6=163.000000
APD6_Wave7=64.130000
APD6_Wave8=9.520000
APD7_Wave1=163.000000
APD7_Wave2=163.000000
APD7_Wave3=163.000000
APD7_Wave4=163.000000
APD7_Wave5=163.000000
APD7_Wave6=163.000000
APD7_Wave7=163.000000
APD7_Wave8=163.000000
APD8_Wave1=163.000000
APD8_Wave2=163.000000
APD8_Wave3=163.000000
APD8_Wave4=163.000000
APD8_Wave5=163.000000
APD8_Wave6=163.000000
APD8_Wave7=163.000000
APD8_Wave8=163.000000
