[Probe1_AnalogGainG1]
APD1=10
APD2=10
APD3=10
APD4=10
APD5=10
APD6=10
APD7=10
APD8=10
[Probe1_AnalogGainG2]
APD1=10
APD2=1
APD3=1
APD4=1
APD5=1
APD6=1
APD7=1
APD8=1
[Probe1_AnalogGainG3]
APD1=1
APD2=1
APD3=3
APD4=1
APD5=1
APD6=1
APD7=1
APD8=1
[Probe1_AnalogGainATT]
APD1=222
APD2=36
APD3=154
APD4=77
APD5=77
APD6=142
APD7=124
APD8=52
[Probe1_AnalogGainRate]
APD1=1741.176471
APD2=28.235294
APD3=362.352941
APD4=60.392157
APD5=60.392157
APD6=111.372549
APD7=97.254902
APD8=40.784314
[Probe1_TrimmingGainRate]
APD1_Wave1=163.000000
APD1_Wave2=163.000000
APD1_Wave3=163.000000
APD1_Wave4=30.350000
APD1_Wave5=163.000000
APD1_Wave6=163.000000
APD1_Wave7=163.000000
APD1_Wave8=9.080000
APD2_Wave1=163.000000
APD2_Wave2=163.000000
APD2_Wave3=34.830000
APD2_Wave4=7.770000
APD2_Wave5=77.840000
APD2_Wave6=7.260000
APD2_Wave7=6.390000
APD2_Wave8=1.840000
APD3_Wave1=40.990000
APD3_Wave2=4.940000
APD3_Wave3=163.000000
APD3_Wave4=163.000000
APD3_Wave5=13.590000
APD3_Wave6=1.750000
APD3_Wave7=163.000000
APD3_Wave8=53.040000
APD4_Wave1=20.300000
APD4_Wave2=3.770000
APD4_Wave3=163.000000
APD4_Wave4=40.010000
APD4_Wave5=11.590000
APD4_Wave6=2.400000
APD4_Wave7=102.160000
APD4_Wave8=8.900000
APD5_Wave1=7.950000
APD5_Wave2=1.470000
APD5_Wave3=163.000000
APD5_Wave4=14.380000
APD5_Wave5=87.730000
APD5_Wave6=8.050000
APD5_Wave7=163.000000
APD5_Wave8=163.000000
APD6_Wave1=55.100000
APD6_Wave2=7.110000
APD6_Wave3=24.760000
APD6_Wave4=3.910000
APD6_Wave5=163.000000
APD6_Wave6=163.000000
APD6_Wave7=10.240000
APD6_Wave8=2.220000
APD7_Wave1=43.790000
APD7_Wave2=4.130000
APD7_Wave3=13.750000
APD7_Wave4=2.790000
APD7_Wave5=163.000000
APD7_Wave6=163.000000
APD7_Wave7=31.050000
APD7_Wave8=4.100000
APD8_Wave1=163.000000
APD8_Wave2=163.000000
APD8_Wave3=163.000000
APD8_Wave4=163.000000
APD8_Wave5=163.000000
APD8_Wave6=163.000000
APD8_Wave7=163.000000
APD8_Wave8=163.000000
[Probe2_AnalogGainG1]
APD1=10
APD2=10
APD3=10
APD4=10
APD5=10
APD6=10
APD7=10
APD8=10
[Probe2_AnalogGainG2]
APD1=1
APD2=1
APD3=1
APD4=1
APD5=1
APD6=1
APD7=1
APD8=1
[Probe2_AnalogGainG3]
APD1=1
APD2=3
APD3=1
APD4=1
APD5=3
APD6=3
APD7=1
APD8=1
[Probe2_AnalogGainATT]
APD1=113
APD2=201
APD3=49
APD4=158
APD5=146
APD6=103
APD7=77
APD8=61
[Probe2_AnalogGainRate]
APD1=88.627451
APD2=472.941176
APD3=38.431373
APD4=123.921569
APD5=343.529412
APD6=242.352941
APD7=60.392157
APD8=47.843137
[Probe2_TrimmingGainRate]
APD1_Wave1=163.000000
APD1_Wave2=163.000000
APD1_Wave3=37.370000
APD1_Wave4=4.320000
APD1_Wave5=14.700000
APD1_Wave6=1.830000
APD1_Wave7=163.000000
APD1_Wave8=163.000000
APD2_Wave1=163.000000
APD2_Wave2=163.000000
APD2_Wave3=163.000000
APD2_Wave4=163.000000
APD2_Wave5=16.410000
APD2_Wave6=2.720000
APD2_Wave7=16.780000
APD2_Wave8=3.710000
APD3_Wave1=10.040000
APD3_Wave2=1.570000
APD3_Wave3=163.000000
APD3_Wave4=163.000000
APD3_Wave5=163.000000
APD3_Wave6=18.460000
APD3_Wave7=59.070000
APD3_Wave8=8.500000
APD4_Wave1=163.000000
APD4_Wave2=163.000000
APD4_Wave3=10.400000
APD4_Wave4=2.070000
APD4_Wave5=29.450000
APD4_Wave6=4.320000
APD4_Wave7=59.670000
APD4_Wave8=8.280000
APD5_Wave1=163.000000
APD5_Wave2=68.860000
APD5_Wave3=26.580000
APD5_Wave4=3.640000
APD5_Wave5=9.950000
APD5_Wave6=2.660000
APD5_Wave7=163.000000
APD5_Wave8=163.000000
APD6_Wave1=15.460000
APD6_Wave2=2.300000
APD6_Wave3=63.190000
APD6_Wave4=5.800000
APD6_Wave5=163.000000
APD6_Wave6=163.000000
APD6_Wave7=43.480000
APD6_Wave8=5.140000
APD7_Wave1=14.990000
APD7_Wave2=2.610000
APD7_Wave3=20.170000
APD7_Wave4=3.120000
APD7_Wave5=163.000000
APD7_Wave6=163.000000
APD7_Wave7=33.400000
APD7_Wave8=8.910000
APD8_Wave1=163.000000
APD8_Wave2=163.000000
APD8_Wave3=163.000000
APD8_Wave4=163.000000
APD8_Wave5=163.000000
APD8_Wave6=163.000000
APD8_Wave7=163.000000
APD8_Wave8=163.000000
