[Probe1_AnalogGainG1]
APD1=1
APD2=1
APD3=1
APD4=1
APD5=1
APD6=1
APD7=10
APD8=10
[Probe1_AnalogGainG2]
APD1=1
APD2=1
APD3=1
APD4=1
APD5=1
APD6=1
APD7=1
APD8=1
[Probe1_AnalogGainG3]
APD1=1
APD2=1
APD3=1
APD4=1
APD5=1
APD6=1
APD7=1
APD8=1
[Probe1_AnalogGainATT]
APD1=211
APD2=51
APD3=84
APD4=16
APD5=131
APD6=221
APD7=49
APD8=77
[Probe1_AnalogGainRate]
APD1=16.549020
APD2=4.000000
APD3=6.588235
APD4=1.254902
APD5=10.274510
APD6=17.333333
APD7=38.431373
APD8=60.392157
[Probe1_TrimmingGainRate]
APD1_Wave1=163.000000
APD1_Wave2=163.000000
APD1_Wave3=18.360000
APD1_Wave4=4.450000
APD1_Wave5=7.210000
APD1_Wave6=2.030000
APD1_Wave7=57.070000
APD1_Wave8=13.640000
APD2_Wave1=163.000000
APD2_Wave2=163.000000
APD2_Wave3=102.260000
APD2_Wave4=35.760000
APD2_Wave5=6.450000
APD2_Wave6=2.150000
APD2_Wave7=8.460000
APD2_Wave8=4.730000
APD3_Wave1=5.480000
APD3_Wave2=1.850000
APD3_Wave3=163.000000
APD3_Wave4=163.000000
APD3_Wave5=60.140000
APD3_Wave6=12.030000
APD3_Wave7=13.720000
APD3_Wave8=4.930000
APD4_Wave1=6.970000
APD4_Wave2=3.030000
APD4_Wave3=101.180000
APD4_Wave4=40.470000
APD4_Wave5=163.000000
APD4_Wave6=163.000000
APD4_Wave7=119.460000
APD4_Wave8=37.920000
APD5_Wave1=3.600000
APD5_Wave2=2.420000
APD5_Wave3=51.260000
APD5_Wave4=17.030000
APD5_Wave5=10.330000
APD5_Wave6=7.900000
APD5_Wave7=163.000000
APD5_Wave8=163.000000
APD6_Wave1=8.840000
APD6_Wave2=2.840000
APD6_Wave3=12.550000
APD6_Wave4=2.710000
APD6_Wave5=163.000000
APD6_Wave6=163.000000
APD6_Wave7=54.440000
APD6_Wave8=10.430000
APD7_Wave1=9.900000
APD7_Wave2=2.490000
APD7_Wave3=96.130000
APD7_Wave4=16.880000
APD7_Wave5=163.000000
APD7_Wave6=163.000000
APD7_Wave7=7.220000
APD7_Wave8=3.090000
APD8_Wave1=163.000000
APD8_Wave2=163.000000
APD8_Wave3=163.000000
APD8_Wave4=163.000000
APD8_Wave5=163.000000
APD8_Wave6=163.000000
APD8_Wave7=163.000000
APD8_Wave8=163.000000
[Probe2_AnalogGainG1]
APD1=1
APD2=1
APD3=1
APD4=1
APD5=1
APD6=1
APD7=10
APD8=10
[Probe2_AnalogGainG2]
APD1=1
APD2=1
APD3=1
APD4=1
APD5=1
APD6=1
APD7=1
APD8=1
[Probe2_AnalogGainG3]
APD1=1
APD2=1
APD3=1
APD4=1
APD5=1
APD6=1
APD7=1
APD8=1
[Probe2_AnalogGainATT]
APD1=106
APD2=75
APD3=84
APD4=68
APD5=243
APD6=224
APD7=32
APD8=136
[Probe2_AnalogGainRate]
APD1=8.313725
APD2=5.882353
APD3=6.588235
APD4=5.333333
APD5=19.058824
APD6=17.568627
APD7=25.098039
APD8=106.666667
[Probe2_TrimmingGainRate]
APD1_Wave1=163.000000
APD1_Wave2=163.000000
APD1_Wave3=12.080000
APD1_Wave4=5.890000
APD1_Wave5=5.910000
APD1_Wave6=2.300000
APD1_Wave7=23.350000
APD1_Wave8=7.400000
APD2_Wave1=163.000000
APD2_Wave2=163.000000
APD2_Wave3=9.810000
APD2_Wave4=3.520000
APD2_Wave5=19.680000
APD2_Wave6=6.380000
APD2_Wave7=8.530000
APD2_Wave8=3.570000
APD3_Wave1=4.750000
APD3_Wave2=3.300000
APD3_Wave3=163.000000
APD3_Wave4=163.000000
APD3_Wave5=9.560000
APD3_Wave6=5.330000
APD3_Wave7=14.380000
APD3_Wave8=7.790000
APD4_Wave1=6.420000
APD4_Wave2=2.320000
APD4_Wave3=14.460000
APD4_Wave4=5.880000
APD4_Wave5=35.280000
APD4_Wave6=11.510000
APD4_Wave7=31.310000
APD4_Wave8=9.290000
APD5_Wave1=5.840000
APD5_Wave2=1.350000
APD5_Wave3=163.000000
APD5_Wave4=30.240000
APD5_Wave5=160.310000
APD5_Wave6=21.880000
APD5_Wave7=163.000000
APD5_Wave8=163.000000
APD6_Wave1=4.380000
APD6_Wave2=2.070000
APD6_Wave3=14.480000
APD6_Wave4=6.660000
APD6_Wave5=163.000000
APD6_Wave6=163.000000
APD6_Wave7=29.540000
APD6_Wave8=10.060000
APD7_Wave1=10.290000
APD7_Wave2=2.480000
APD7_Wave3=16.620000
APD7_Wave4=4.330000
APD7_Wave5=163.000000
APD7_Wave6=163.000000
APD7_Wave7=32.550000
APD7_Wave8=6.870000
APD8_Wave1=163.000000
APD8_Wave2=163.000000
APD8_Wave3=163.000000
APD8_Wave4=163.000000
APD8_Wave5=163.000000
APD8_Wave6=163.000000
APD8_Wave7=163.000000
APD8_Wave8=163.000000
