[Probe1_AnalogGainG1]
APD1=10
APD2=10
APD3=10
APD4=10
APD5=10
APD6=10
APD7=10
APD8=10
[Probe1_AnalogGainG2]
APD1=1
APD2=1
APD3=1
APD4=1
APD5=1
APD6=1
APD7=1
APD8=1
[Probe1_AnalogGainG3]
APD1=3
APD2=3
APD3=3
APD4=3
APD5=3
APD6=3
APD7=3
APD8=1
[Probe1_AnalogGainATT]
APD1=217
APD2=222
APD3=222
APD4=223
APD5=242
APD6=217
APD7=247
APD8=165
[Probe1_AnalogGainRate]
APD1=510.588235
APD2=522.352941
APD3=522.352941
APD4=524.705882
APD5=569.411765
APD6=510.588235
APD7=581.176471
APD8=129.411765
[Probe1_TrimmingGainRate]
APD1_Wave1=163.000000
APD1_Wave2=163.000000
APD1_Wave3=163.000000
APD1_Wave4=163.000000
APD1_Wave5=163.000000
APD1_Wave6=163.000000
APD1_Wave7=163.000000
APD1_Wave8=163.000000
APD2_Wave1=163.000000
APD2_Wave2=163.000000
APD2_Wave3=163.000000
APD2_Wave4=163.000000
APD2_Wave5=163.000000
APD2_Wave6=163.000000
APD2_Wave7=163.000000
APD2_Wave8=163.000000
APD3_Wave1=163.000000
APD3_Wave2=163.000000
APD3_Wave3=163.000000
APD3_Wave4=163.000000
APD3_Wave5=163.000000
APD3_Wave6=163.000000
APD3_Wave7=163.000000
APD3_Wave8=163.000000
APD4_Wave1=163.000000
APD4_Wave2=163.000000
APD4_Wave3=163.000000
APD4_Wave4=163.000000
APD4_Wave5=163.000000
APD4_Wave6=163.000000
APD4_Wave7=163.000000
APD4_Wave8=163.000000
APD5_Wave1=163.000000
APD5_Wave2=163.000000
APD5_Wave3=163.000000
APD5_Wave4=163.000000
APD5_Wave5=163.000000
APD5_Wave6=163.000000
APD5_Wave7=163.000000
APD5_Wave8=163.000000
APD6_Wave1=163.000000
APD6_Wave2=163.000000
APD6_Wave3=163.000000
APD6_Wave4=163.000000
APD6_Wave5=163.000000
APD6_Wave6=163.000000
APD6_Wave7=163.000000
APD6_Wave8=163.000000
APD7_Wave1=163.000000
APD7_Wave2=163.000000
APD7_Wave3=163.000000
APD7_Wave4=163.000000
APD7_Wave5=163.000000
APD7_Wave6=163.000000
APD7_Wave7=163.000000
APD7_Wave8=163.000000
APD8_Wave1=163.000000
APD8_Wave2=163.000000
APD8_Wave3=163.000000
APD8_Wave4=163.000000
APD8_Wave5=163.000000
APD8_Wave6=163.000000
APD8_Wave7=163.000000
APD8_Wave8=163.000000
[Probe2_AnalogGainG1]
APD1=10
APD2=10
APD3=10
APD4=10
APD5=1
APD6=10
APD7=1
APD8=10
[Probe2_AnalogGainG2]
APD1=10
APD2=10
APD3=10
APD4=10
APD5=1
APD6=1
APD7=1
APD8=1
[Probe2_AnalogGainG3]
APD1=1
APD2=1
APD3=1
APD4=1
APD5=1
APD6=3
APD7=1
APD8=3
[Probe2_AnalogGainATT]
APD1=111
APD2=109
APD3=108
APD4=110
APD5=16
APD6=102
APD7=16
APD8=92
[Probe2_AnalogGainRate]
APD1=870.588235
APD2=854.901961
APD3=847.058824
APD4=862.745098
APD5=1.254902
APD6=240.000000
APD7=1.254902
APD8=216.470588
[Probe2_TrimmingGainRate]
APD1_Wave1=163.000000
APD1_Wave2=163.000000
APD1_Wave3=163.000000
APD1_Wave4=163.000000
APD1_Wave5=163.000000
APD1_Wave6=163.000000
APD1_Wave7=163.000000
APD1_Wave8=163.000000
APD2_Wave1=163.000000
APD2_Wave2=163.000000
APD2_Wave3=163.000000
APD2_Wave4=163.000000
APD2_Wave5=163.000000
APD2_Wave6=163.000000
APD2_Wave7=163.000000
APD2_Wave8=163.000000
APD3_Wave1=163.000000
APD3_Wave2=163.000000
APD3_Wave3=163.000000
APD3_Wave4=163.000000
APD3_Wave5=163.000000
APD3_Wave6=163.000000
APD3_Wave7=163.000000
APD3_Wave8=163.000000
APD4_Wave1=163.000000
APD4_Wave2=163.000000
APD4_Wave3=163.000000
APD4_Wave4=163.000000
APD4_Wave5=163.000000
APD4_Wave6=163.000000
APD4_Wave7=163.000000
APD4_Wave8=163.000000
APD5_Wave1=5.980000
APD5_Wave2=2.740000
APD5_Wave3=12.060000
APD5_Wave4=6.090000
APD5_Wave5=36.640000
APD5_Wave6=18.570000
APD5_Wave7=163.000000
APD5_Wave8=163.000000
APD6_Wave1=163.000000
APD6_Wave2=162.740000
APD6_Wave3=163.000000
APD6_Wave4=163.000000
APD6_Wave5=163.000000
APD6_Wave6=163.000000
APD6_Wave7=163.000000
APD6_Wave8=163.000000
APD7_Wave1=2.100000
APD7_Wave2=1.130000
APD7_Wave3=6.970000
APD7_Wave4=3.220000
APD7_Wave5=163.000000
APD7_Wave6=163.000000
APD7_Wave7=6.340000
APD7_Wave8=3.030000
APD8_Wave1=163.000000
APD8_Wave2=163.000000
APD8_Wave3=163.000000
APD8_Wave4=163.000000
APD8_Wave5=163.000000
APD8_Wave6=163.000000
APD8_Wave7=163.000000
APD8_Wave8=163.000000
