[Probe1_AnalogGainG1]
APD1=10
APD2=10
APD3=10
APD4=10
APD5=10
APD6=10
APD7=10
APD8=10
[Probe1_AnalogGainG2]
APD1=1
APD2=1
APD3=10
APD4=1
APD5=1
APD6=1
APD7=1
APD8=1
[Probe1_AnalogGainG3]
APD1=1
APD2=1
APD3=1
APD4=1
APD5=1
APD6=1
APD7=1
APD8=1
[Probe1_AnalogGainATT]
APD1=102
APD2=37
APD3=247
APD4=123
APD5=152
APD6=89
APD7=69
APD8=84
[Probe1_AnalogGainRate]
APD1=80.000000
APD2=29.019608
APD3=1937.254902
APD4=96.470588
APD5=119.215686
APD6=69.803922
APD7=54.117647
APD8=65.882353
[Probe1_TrimmingGainRate]
APD1_Wave1=163.000000
APD1_Wave2=163.000000
APD1_Wave3=73.900000
APD1_Wave4=12.710000
APD1_Wave5=22.910000
APD1_Wave6=5.720000
APD1_Wave7=7.290000
APD1_Wave8=1.770000
APD2_Wave1=163.000000
APD2_Wave2=163.000000
APD2_Wave3=51.040000
APD2_Wave4=11.440000
APD2_Wave5=6.020000
APD2_Wave6=1.500000
APD2_Wave7=163.000000
APD2_Wave8=24.860000
APD3_Wave1=163.000000
APD3_Wave2=163.000000
APD3_Wave3=163.000000
APD3_Wave4=163.000000
APD3_Wave5=163.000000
APD3_Wave6=75.660000
APD3_Wave7=163.000000
APD3_Wave8=163.000000
APD4_Wave1=16.380000
APD4_Wave2=3.230000
APD4_Wave3=60.270000
APD4_Wave4=15.290000
APD4_Wave5=19.520000
APD4_Wave6=4.550000
APD4_Wave7=15.270000
APD4_Wave8=3.420000
APD5_Wave1=31.520000
APD5_Wave2=4.090000
APD5_Wave3=16.910000
APD5_Wave4=3.870000
APD5_Wave5=12.540000
APD5_Wave6=2.930000
APD5_Wave7=163.000000
APD5_Wave8=163.000000
APD6_Wave1=38.710000
APD6_Wave2=11.120000
APD6_Wave3=15.520000
APD6_Wave4=4.200000
APD6_Wave5=163.000000
APD6_Wave6=163.000000
APD6_Wave7=6.250000
APD6_Wave8=2.210000
APD7_Wave1=10.100000
APD7_Wave2=2.720000
APD7_Wave3=8.200000
APD7_Wave4=2.740000
APD7_Wave5=163.000000
APD7_Wave6=163.000000
APD7_Wave7=163.000000
APD7_Wave8=64.750000
APD8_Wave1=163.000000
APD8_Wave2=163.000000
APD8_Wave3=163.000000
APD8_Wave4=163.000000
APD8_Wave5=163.000000
APD8_Wave6=163.000000
APD8_Wave7=163.000000
APD8_Wave8=163.000000
[Probe2_AnalogGainG1]
APD1=10
APD2=10
APD3=10
APD4=10
APD5=10
APD6=10
APD7=10
APD8=10
[Probe2_AnalogGainG2]
APD1=10
APD2=10
APD3=1
APD4=1
APD5=1
APD6=10
APD7=1
APD8=10
[Probe2_AnalogGainG3]
APD1=3
APD2=1
APD3=1
APD4=3
APD5=3
APD6=1
APD7=1
APD8=1
[Probe2_AnalogGainATT]
APD1=87
APD2=144
APD3=117
APD4=125
APD5=128
APD6=227
APD7=66
APD8=246
[Probe2_AnalogGainRate]
APD1=2047.058824
APD2=1129.411765
APD3=91.764706
APD4=294.117647
APD5=301.176471
APD6=1780.392157
APD7=51.764706
APD8=1929.411765
[Probe2_TrimmingGainRate]
APD1_Wave1=163.000000
APD1_Wave2=163.000000
APD1_Wave3=163.000000
APD1_Wave4=131.940000
APD1_Wave5=163.000000
APD1_Wave6=163.000000
APD1_Wave7=163.000000
APD1_Wave8=163.000000
APD2_Wave1=163.000000
APD2_Wave2=163.000000
APD2_Wave3=25.250000
APD2_Wave4=3.270000
APD2_Wave5=135.020000
APD2_Wave6=12.030000
APD2_Wave7=125.590000
APD2_Wave8=13.790000
APD3_Wave1=8.940000
APD3_Wave2=1.990000
APD3_Wave3=163.000000
APD3_Wave4=163.000000
APD3_Wave5=12.510000
APD3_Wave6=3.830000
APD3_Wave7=163.000000
APD3_Wave8=163.000000
APD4_Wave1=15.520000
APD4_Wave2=2.000000
APD4_Wave3=163.000000
APD4_Wave4=163.000000
APD4_Wave5=88.440000
APD4_Wave6=12.800000
APD4_Wave7=48.610000
APD4_Wave8=5.210000
APD5_Wave1=24.420000
APD5_Wave2=5.610000
APD5_Wave3=40.050000
APD5_Wave4=7.820000
APD5_Wave5=6.590000
APD5_Wave6=3.720000
APD5_Wave7=163.000000
APD5_Wave8=163.000000
APD6_Wave1=163.000000
APD6_Wave2=163.000000
APD6_Wave3=38.250000
APD6_Wave4=7.970000
APD6_Wave5=163.000000
APD6_Wave6=163.000000
APD6_Wave7=18.710000
APD6_Wave8=4.150000
APD7_Wave1=22.300000
APD7_Wave2=6.480000
APD7_Wave3=12.460000
APD7_Wave4=5.020000
APD7_Wave5=163.000000
APD7_Wave6=163.000000
APD7_Wave7=4.560000
APD7_Wave8=3.430000
APD8_Wave1=163.000000
APD8_Wave2=163.000000
APD8_Wave3=163.000000
APD8_Wave4=163.000000
APD8_Wave5=163.000000
APD8_Wave6=163.000000
APD8_Wave7=163.000000
APD8_Wave8=163.000000
