[Probe1_AnalogGainG1]
APD1=10
APD2=1
APD3=10
APD4=1
APD5=1
APD6=10
APD7=10
APD8=10
[Probe1_AnalogGainG2]
APD1=1
APD2=1
APD3=1
APD4=1
APD5=1
APD6=1
APD7=1
APD8=10
[Probe1_AnalogGainG3]
APD1=1
APD2=1
APD3=1
APD4=1
APD5=1
APD6=1
APD7=1
APD8=3
[Probe1_AnalogGainATT]
APD1=33
APD2=74
APD3=49
APD4=192
APD5=100
APD6=66
APD7=189
APD8=255
[Probe1_AnalogGainRate]
APD1=25.882353
APD2=5.803922
APD3=38.431373
APD4=15.058824
APD5=7.843137
APD6=51.764706
APD7=148.235294
APD8=6000.000000
[Probe1_TrimmingGainRate]
APD1_Wave1=163.000000
APD1_Wave2=163.000000
APD1_Wave3=8.440000
APD1_Wave4=2.370000
APD1_Wave5=21.760000
APD1_Wave6=5.990000
APD1_Wave7=12.180000
APD1_Wave8=3.620000
APD2_Wave1=163.000000
APD2_Wave2=163.000000
APD2_Wave3=12.980000
APD2_Wave4=3.750000
APD2_Wave5=12.410000
APD2_Wave6=3.220000
APD2_Wave7=10.380000
APD2_Wave8=3.990000
APD3_Wave1=11.070000
APD3_Wave2=3.400000
APD3_Wave3=163.000000
APD3_Wave4=163.000000
APD3_Wave5=12.540000
APD3_Wave6=3.640000
APD3_Wave7=12.670000
APD3_Wave8=4.190000
APD4_Wave1=7.830000
APD4_Wave2=2.010000
APD4_Wave3=58.440000
APD4_Wave4=19.830000
APD4_Wave5=95.790000
APD4_Wave6=29.810000
APD4_Wave7=13.770000
APD4_Wave8=3.660000
APD5_Wave1=3.620000
APD5_Wave2=1.610000
APD5_Wave3=87.900000
APD5_Wave4=22.990000
APD5_Wave5=57.040000
APD5_Wave6=21.050000
APD5_Wave7=163.000000
APD5_Wave8=163.000000
APD6_Wave1=15.770000
APD6_Wave2=4.890000
APD6_Wave3=9.320000
APD6_Wave4=2.000000
APD6_Wave5=163.000000
APD6_Wave6=163.000000
APD6_Wave7=26.480000
APD6_Wave8=7.340000
APD7_Wave1=9.700000
APD7_Wave2=2.310000
APD7_Wave3=25.650000
APD7_Wave4=6.690000
APD7_Wave5=163.000000
APD7_Wave6=163.000000
APD7_Wave7=26.180000
APD7_Wave8=5.050000
APD8_Wave1=163.000000
APD8_Wave2=163.000000
APD8_Wave3=163.000000
APD8_Wave4=163.000000
APD8_Wave5=163.000000
APD8_Wave6=163.000000
APD8_Wave7=163.000000
APD8_Wave8=163.000000
[Probe2_AnalogGainG1]
APD1=1
APD2=10
APD3=1
APD4=1
APD5=10
APD6=10
APD7=10
APD8=10
[Probe2_AnalogGainG2]
APD1=1
APD2=1
APD3=1
APD4=1
APD5=1
APD6=1
APD7=1
APD8=1
[Probe2_AnalogGainG3]
APD1=1
APD2=1
APD3=1
APD4=1
APD5=1
APD6=1
APD7=1
APD8=1
[Probe2_AnalogGainATT]
APD1=84
APD2=31
APD3=88
APD4=145
APD5=62
APD6=134
APD7=152
APD8=123
[Probe2_AnalogGainRate]
APD1=6.588235
APD2=24.313725
APD3=6.901961
APD4=11.372549
APD5=48.627451
APD6=105.098039
APD7=119.215686
APD8=96.470588
[Probe2_TrimmingGainRate]
APD1_Wave1=163.000000
APD1_Wave2=163.000000
APD1_Wave3=19.810000
APD1_Wave4=5.780000
APD1_Wave5=8.780000
APD1_Wave6=2.910000
APD1_Wave7=8.250000
APD1_Wave8=2.950000
APD2_Wave1=163.000000
APD2_Wave2=163.000000
APD2_Wave3=15.330000
APD2_Wave4=4.360000
APD2_Wave5=16.610000
APD2_Wave6=4.500000
APD2_Wave7=9.380000
APD2_Wave8=3.230000
APD3_Wave1=6.790000
APD3_Wave2=2.200000
APD3_Wave3=163.000000
APD3_Wave4=163.000000
APD3_Wave5=31.850000
APD3_Wave6=15.870000
APD3_Wave7=12.390000
APD3_Wave8=4.540000
APD4_Wave1=5.750000
APD4_Wave2=1.830000
APD4_Wave3=25.560000
APD4_Wave4=8.300000
APD4_Wave5=85.380000
APD4_Wave6=33.770000
APD4_Wave7=41.720000
APD4_Wave8=12.040000
APD5_Wave1=9.760000
APD5_Wave2=3.570000
APD5_Wave3=10.460000
APD5_Wave4=2.970000
APD5_Wave5=14.930000
APD5_Wave6=9.280000
APD5_Wave7=163.000000
APD5_Wave8=163.000000
APD6_Wave1=8.830000
APD6_Wave2=3.220000
APD6_Wave3=12.250000
APD6_Wave4=4.670000
APD6_Wave5=163.000000
APD6_Wave6=163.000000
APD6_Wave7=12.470000
APD6_Wave8=5.840000
APD7_Wave1=15.210000
APD7_Wave2=4.560000
APD7_Wave3=10.100000
APD7_Wave4=4.720000
APD7_Wave5=163.000000
APD7_Wave6=163.000000
APD7_Wave7=8.030000
APD7_Wave8=3.770000
APD8_Wave1=163.000000
APD8_Wave2=163.000000
APD8_Wave3=163.000000
APD8_Wave4=163.000000
APD8_Wave5=163.000000
APD8_Wave6=163.000000
APD8_Wave7=163.000000
APD8_Wave8=163.000000
