[Probe1_AnalogGainG1]
APD1=1
APD2=1
APD3=10
APD4=10
APD5=10
APD6=10
APD7=10
APD8=10
[Probe1_AnalogGainG2]
APD1=1
APD2=1
APD3=1
APD4=1
APD5=1
APD6=1
APD7=1
APD8=1
[Probe1_AnalogGainG3]
APD1=1
APD2=1
APD3=1
APD4=1
APD5=1
APD6=3
APD7=1
APD8=1
[Probe1_AnalogGainATT]
APD1=138
APD2=125
APD3=67
APD4=43
APD5=29
APD6=172
APD7=165
APD8=253
[Probe1_AnalogGainRate]
APD1=10.823529
APD2=9.803922
APD3=52.549020
APD4=33.725490
APD5=22.745098
APD6=404.705882
APD7=129.411765
APD8=198.431373
[Probe1_TrimmingGainRate]
APD1_Wave1=163.000000
APD1_Wave2=163.000000
APD1_Wave3=5.000000
APD1_Wave4=1.950000
APD1_Wave5=22.130000
APD1_Wave6=6.130000
APD1_Wave7=68.550000
APD1_Wave8=18.650000
APD2_Wave1=163.000000
APD2_Wave2=163.000000
APD2_Wave3=163.000000
APD2_Wave4=104.930000
APD2_Wave5=7.010000
APD2_Wave6=2.260000
APD2_Wave7=6.810000
APD2_Wave8=3.570000
APD3_Wave1=8.850000
APD3_Wave2=2.480000
APD3_Wave3=163.000000
APD3_Wave4=163.000000
APD3_Wave5=47.020000
APD3_Wave6=7.580000
APD3_Wave7=15.090000
APD3_Wave8=3.130000
APD4_Wave1=9.000000
APD4_Wave2=2.120000
APD4_Wave3=36.000000
APD4_Wave4=8.030000
APD4_Wave5=65.740000
APD4_Wave6=14.010000
APD4_Wave7=21.370000
APD4_Wave8=5.260000
APD5_Wave1=4.480000
APD5_Wave2=1.720000
APD5_Wave3=89.020000
APD5_Wave4=19.270000
APD5_Wave5=34.650000
APD5_Wave6=8.000000
APD5_Wave7=163.000000
APD5_Wave8=163.000000
APD6_Wave1=16.640000
APD6_Wave2=2.710000
APD6_Wave3=27.880000
APD6_Wave4=3.530000
APD6_Wave5=163.000000
APD6_Wave6=163.000000
APD6_Wave7=45.140000
APD6_Wave8=8.480000
APD7_Wave1=8.270000
APD7_Wave2=1.430000
APD7_Wave3=59.730000
APD7_Wave4=9.620000
APD7_Wave5=163.000000
APD7_Wave6=163.000000
APD7_Wave7=146.400000
APD7_Wave8=27.130000
APD8_Wave1=163.000000
APD8_Wave2=163.000000
APD8_Wave3=163.000000
APD8_Wave4=163.000000
APD8_Wave5=163.000000
APD8_Wave6=163.000000
APD8_Wave7=163.000000
APD8_Wave8=163.000000
[Probe2_AnalogGainG1]
APD1=10
APD2=10
APD3=1
APD4=10
APD5=10
APD6=10
APD7=10
APD8=10
[Probe2_AnalogGainG2]
APD1=1
APD2=1
APD3=1
APD4=1
APD5=1
APD6=1
APD7=1
APD8=1
[Probe2_AnalogGainG3]
APD1=1
APD2=1
APD3=1
APD4=1
APD5=1
APD6=1
APD7=1
APD8=1
[Probe2_AnalogGainATT]
APD1=37
APD2=95
APD3=61
APD4=41
APD5=158
APD6=45
APD7=138
APD8=217
[Probe2_AnalogGainRate]
APD1=29.019608
APD2=74.509804
APD3=4.784314
APD4=32.156863
APD5=123.921569
APD6=35.294118
APD7=108.235294
APD8=170.196078
[Probe2_TrimmingGainRate]
APD1_Wave1=163.000000
APD1_Wave2=163.000000
APD1_Wave3=5.600000
APD1_Wave4=2.820000
APD1_Wave5=8.280000
APD1_Wave6=3.390000
APD1_Wave7=114.320000
APD1_Wave8=37.790000
APD2_Wave1=163.000000
APD2_Wave2=163.000000
APD2_Wave3=23.580000
APD2_Wave4=5.100000
APD2_Wave5=8.110000
APD2_Wave6=1.710000
APD2_Wave7=163.000000
APD2_Wave8=163.000000
APD3_Wave1=4.470000
APD3_Wave2=2.250000
APD3_Wave3=163.000000
APD3_Wave4=163.000000
APD3_Wave5=15.120000
APD3_Wave6=6.380000
APD3_Wave7=32.550000
APD3_Wave8=12.860000
APD4_Wave1=12.250000
APD4_Wave2=3.280000
APD4_Wave3=11.090000
APD4_Wave4=3.870000
APD4_Wave5=77.450000
APD4_Wave6=13.280000
APD4_Wave7=26.010000
APD4_Wave8=6.440000
APD5_Wave1=163.000000
APD5_Wave2=163.000000
APD5_Wave3=8.850000
APD5_Wave4=1.830000
APD5_Wave5=18.200000
APD5_Wave6=4.400000
APD5_Wave7=163.000000
APD5_Wave8=163.000000
APD6_Wave1=5.080000
APD6_Wave2=1.570000
APD6_Wave3=44.050000
APD6_Wave4=12.820000
APD6_Wave5=163.000000
APD6_Wave6=163.000000
APD6_Wave7=163.000000
APD6_Wave8=56.670000
APD7_Wave1=7.850000
APD7_Wave2=1.650000
APD7_Wave3=163.000000
APD7_Wave4=23.290000
APD7_Wave5=163.000000
APD7_Wave6=163.000000
APD7_Wave7=30.680000
APD7_Wave8=8.500000
APD8_Wave1=163.000000
APD8_Wave2=163.000000
APD8_Wave3=163.000000
APD8_Wave4=163.000000
APD8_Wave5=163.000000
APD8_Wave6=163.000000
APD8_Wave7=163.000000
APD8_Wave8=163.000000
