[Probe1_AnalogGainG1]
APD1=10
APD2=1
APD3=10
APD4=1
APD5=1
APD6=10
APD7=1
APD8=10
[Probe1_AnalogGainG2]
APD1=1
APD2=1
APD3=1
APD4=1
APD5=1
APD6=1
APD7=1
APD8=1
[Probe1_AnalogGainG3]
APD1=1
APD2=1
APD3=3
APD4=1
APD5=1
APD6=3
APD7=1
APD8=1
[Probe1_AnalogGainATT]
APD1=66
APD2=16
APD3=168
APD4=187
APD5=75
APD6=95
APD7=216
APD8=77
[Probe1_AnalogGainRate]
APD1=51.764706
APD2=1.254902
APD3=395.294118
APD4=14.666667
APD5=5.882353
APD6=223.529412
APD7=16.941176
APD8=60.392157
[Probe1_TrimmingGainRate]
APD1_Wave1=163.000000
APD1_Wave2=163.000000
APD1_Wave3=13.830000
APD1_Wave4=1.230000
APD1_Wave5=163.000000
APD1_Wave6=13.130000
APD1_Wave7=163.000000
APD1_Wave8=53.870000
APD2_Wave1=163.000000
APD2_Wave2=163.000000
APD2_Wave3=163.000000
APD2_Wave4=111.520000
APD2_Wave5=13.520000
APD2_Wave6=3.380000
APD2_Wave7=36.550000
APD2_Wave8=10.220000
APD3_Wave1=31.120000
APD3_Wave2=1.340000
APD3_Wave3=163.000000
APD3_Wave4=163.000000
APD3_Wave5=163.000000
APD3_Wave6=50.020000
APD3_Wave7=163.000000
APD3_Wave8=157.020000
APD4_Wave1=10.030000
APD4_Wave2=1.390000
APD4_Wave3=163.000000
APD4_Wave4=163.000000
APD4_Wave5=163.000000
APD4_Wave6=23.770000
APD4_Wave7=63.390000
APD4_Wave8=7.260000
APD5_Wave1=10.140000
APD5_Wave2=2.020000
APD5_Wave3=75.720000
APD5_Wave4=10.100000
APD5_Wave5=30.730000
APD5_Wave6=4.050000
APD5_Wave7=163.000000
APD5_Wave8=163.000000
APD6_Wave1=163.000000
APD6_Wave2=17.830000
APD6_Wave3=42.650000
APD6_Wave4=1.970000
APD6_Wave5=163.000000
APD6_Wave6=163.000000
APD6_Wave7=52.310000
APD6_Wave8=2.840000
APD7_Wave1=18.510000
APD7_Wave2=2.060000
APD7_Wave3=66.380000
APD7_Wave4=5.240000
APD7_Wave5=163.000000
APD7_Wave6=163.000000
APD7_Wave7=44.570000
APD7_Wave8=3.970000
APD8_Wave1=163.000000
APD8_Wave2=163.000000
APD8_Wave3=163.000000
APD8_Wave4=163.000000
APD8_Wave5=163.000000
APD8_Wave6=163.000000
APD8_Wave7=163.000000
APD8_Wave8=163.000000
[Probe2_AnalogGainG1]
APD1=1
APD2=10
APD3=1
APD4=10
APD5=10
APD6=10
APD7=10
APD8=10
[Probe2_AnalogGainG2]
APD1=1
APD2=1
APD3=1
APD4=1
APD5=10
APD6=1
APD7=1
APD8=1
[Probe2_AnalogGainG3]
APD1=1
APD2=1
APD3=1
APD4=1
APD5=1
APD6=1
APD7=1
APD8=1
[Probe2_AnalogGainATT]
APD1=130
APD2=112
APD3=57
APD4=30
APD5=254
APD6=53
APD7=109
APD8=77
[Probe2_AnalogGainRate]
APD1=10.196078
APD2=87.843137
APD3=4.470588
APD4=23.529412
APD5=1992.156863
APD6=41.568627
APD7=85.490196
APD8=60.392157
[Probe2_TrimmingGainRate]
APD1_Wave1=163.000000
APD1_Wave2=163.000000
APD1_Wave3=7.590000
APD1_Wave4=1.820000
APD1_Wave5=25.320000
APD1_Wave6=4.370000
APD1_Wave7=163.000000
APD1_Wave8=24.020000
APD2_Wave1=163.000000
APD2_Wave2=163.000000
APD2_Wave3=10.690000
APD2_Wave4=1.270000
APD2_Wave5=163.000000
APD2_Wave6=72.570000
APD2_Wave7=163.000000
APD2_Wave8=15.760000
APD3_Wave1=49.600000
APD3_Wave2=7.910000
APD3_Wave3=163.000000
APD3_Wave4=163.000000
APD3_Wave5=9.330000
APD3_Wave6=1.630000
APD3_Wave7=52.990000
APD3_Wave8=7.200000
APD4_Wave1=68.120000
APD4_Wave2=5.800000
APD4_Wave3=27.090000
APD4_Wave4=3.680000
APD4_Wave5=22.490000
APD4_Wave6=2.440000
APD4_Wave7=163.000000
APD4_Wave8=163.000000
APD5_Wave1=163.000000
APD5_Wave2=163.000000
APD5_Wave3=163.000000
APD5_Wave4=163.000000
APD5_Wave5=163.000000
APD5_Wave6=163.000000
APD5_Wave7=163.000000
APD5_Wave8=163.000000
APD6_Wave1=16.190000
APD6_Wave2=1.890000
APD6_Wave3=94.100000
APD6_Wave4=6.780000
APD6_Wave5=163.000000
APD6_Wave6=163.000000
APD6_Wave7=63.450000
APD6_Wave8=5.290000
APD7_Wave1=163.000000
APD7_Wave2=94.780000
APD7_Wave3=61.110000
APD7_Wave4=4.110000
APD7_Wave5=163.000000
APD7_Wave6=163.000000
APD7_Wave7=21.690000
APD7_Wave8=1.670000
APD8_Wave1=163.000000
APD8_Wave2=163.000000
APD8_Wave3=163.000000
APD8_Wave4=163.000000
APD8_Wave5=163.000000
APD8_Wave6=163.000000
APD8_Wave7=163.000000
APD8_Wave8=163.000000
