[Probe1_AnalogGainG1]
APD1=10
APD2=10
APD3=10
APD4=10
APD5=10
APD6=10
APD7=10
APD8=10
[Probe1_AnalogGainG2]
APD1=10
APD2=10
APD3=1
APD4=1
APD5=1
APD6=1
APD7=10
APD8=1
[Probe1_AnalogGainG3]
APD1=1
APD2=1
APD3=1
APD4=3
APD5=1
APD6=1
APD7=1
APD8=1
[Probe1_AnalogGainATT]
APD1=223
APD2=243
APD3=214
APD4=165
APD5=176
APD6=51
APD7=142
APD8=84
[Probe1_AnalogGainRate]
APD1=1749.019608
APD2=1905.882353
APD3=167.843137
APD4=388.235294
APD5=138.039216
APD6=40.000000
APD7=1113.725490
APD8=65.882353
[Probe1_TrimmingGainRate]
APD1_Wave1=163.000000
APD1_Wave2=163.000000
APD1_Wave3=163.000000
APD1_Wave4=29.590000
APD1_Wave5=163.000000
APD1_Wave6=6.680000
APD1_Wave7=70.360000
APD1_Wave8=9.330000
APD2_Wave1=163.000000
APD2_Wave2=163.000000
APD2_Wave3=163.000000
APD2_Wave4=20.580000
APD2_Wave5=163.000000
APD2_Wave6=62.980000
APD2_Wave7=163.000000
APD2_Wave8=126.730000
APD3_Wave1=28.540000
APD3_Wave2=3.260000
APD3_Wave3=163.000000
APD3_Wave4=163.000000
APD3_Wave5=58.220000
APD3_Wave6=2.240000
APD3_Wave7=150.690000
APD3_Wave8=5.710000
APD4_Wave1=11.350000
APD4_Wave2=1.720000
APD4_Wave3=163.000000
APD4_Wave4=38.270000
APD4_Wave5=76.340000
APD4_Wave6=13.420000
APD4_Wave7=163.000000
APD4_Wave8=163.000000
APD5_Wave1=38.810000
APD5_Wave2=1.160000
APD5_Wave3=163.000000
APD5_Wave4=163.000000
APD5_Wave5=163.000000
APD5_Wave6=45.950000
APD5_Wave7=163.000000
APD5_Wave8=163.000000
APD6_Wave1=91.870000
APD6_Wave2=5.650000
APD6_Wave3=9.940000
APD6_Wave4=1.390000
APD6_Wave5=163.000000
APD6_Wave6=163.000000
APD6_Wave7=163.000000
APD6_Wave8=137.040000
APD7_Wave1=163.000000
APD7_Wave2=20.400000
APD7_Wave3=46.070000
APD7_Wave4=6.600000
APD7_Wave5=163.000000
APD7_Wave6=163.000000
APD7_Wave7=63.090000
APD7_Wave8=4.850000
APD8_Wave1=163.000000
APD8_Wave2=163.000000
APD8_Wave3=163.000000
APD8_Wave4=163.000000
APD8_Wave5=163.000000
APD8_Wave6=163.000000
APD8_Wave7=163.000000
APD8_Wave8=163.000000
[Probe2_AnalogGainG1]
APD1=10
APD2=10
APD3=10
APD4=10
APD5=10
APD6=10
APD7=10
APD8=10
[Probe2_AnalogGainG2]
APD1=10
APD2=1
APD3=1
APD4=1
APD5=10
APD6=10
APD7=1
APD8=1
[Probe2_AnalogGainG3]
APD1=1
APD2=1
APD3=1
APD4=3
APD5=1
APD6=1
APD7=1
APD8=1
[Probe2_AnalogGainATT]
APD1=227
APD2=124
APD3=197
APD4=108
APD5=113
APD6=211
APD7=205
APD8=99
[Probe2_AnalogGainRate]
APD1=1780.392157
APD2=97.254902
APD3=154.509804
APD4=254.117647
APD5=886.274510
APD6=1654.901961
APD7=160.784314
APD8=77.647059
[Probe2_TrimmingGainRate]
APD1_Wave1=163.000000
APD1_Wave2=163.000000
APD1_Wave3=163.000000
APD1_Wave4=20.290000
APD1_Wave5=163.000000
APD1_Wave6=25.490000
APD1_Wave7=163.000000
APD1_Wave8=163.000000
APD2_Wave1=163.000000
APD2_Wave2=163.000000
APD2_Wave3=163.000000
APD2_Wave4=163.000000
APD2_Wave5=15.000000
APD2_Wave6=2.220000
APD2_Wave7=12.930000
APD2_Wave8=3.080000
APD3_Wave1=82.850000
APD3_Wave2=2.640000
APD3_Wave3=163.000000
APD3_Wave4=163.000000
APD3_Wave5=17.520000
APD3_Wave6=2.170000
APD3_Wave7=163.000000
APD3_Wave8=163.000000
APD4_Wave1=163.000000
APD4_Wave2=78.370000
APD4_Wave3=163.000000
APD4_Wave4=163.000000
APD4_Wave5=8.950000
APD4_Wave6=2.940000
APD4_Wave7=10.280000
APD4_Wave8=2.940000
APD5_Wave1=12.030000
APD5_Wave2=2.800000
APD5_Wave3=43.470000
APD5_Wave4=7.050000
APD5_Wave5=59.000000
APD5_Wave6=28.940000
APD5_Wave7=163.000000
APD5_Wave8=163.000000
APD6_Wave1=163.000000
APD6_Wave2=163.000000
APD6_Wave3=54.280000
APD6_Wave4=7.340000
APD6_Wave5=163.000000
APD6_Wave6=163.000000
APD6_Wave7=163.000000
APD6_Wave8=20.050000
APD7_Wave1=163.000000
APD7_Wave2=86.100000
APD7_Wave3=163.000000
APD7_Wave4=94.000000
APD7_Wave5=163.000000
APD7_Wave6=163.000000
APD7_Wave7=5.840000
APD7_Wave8=1.520000
APD8_Wave1=163.000000
APD8_Wave2=163.000000
APD8_Wave3=163.000000
APD8_Wave4=163.000000
APD8_Wave5=163.000000
APD8_Wave6=163.000000
APD8_Wave7=163.000000
APD8_Wave8=163.000000
