[Probe1_AnalogGainG1]
APD1=10
APD2=10
APD3=10
APD4=10
APD5=10
APD6=10
APD7=10
APD8=10
[Probe1_AnalogGainG2]
APD1=1
APD2=1
APD3=1
APD4=1
APD5=1
APD6=10
APD7=1
APD8=1
[Probe1_AnalogGainG3]
APD1=1
APD2=1
APD3=3
APD4=1
APD5=1
APD6=3
APD7=3
APD8=1
[Probe1_AnalogGainATT]
APD1=77
APD2=56
APD3=116
APD4=77
APD5=77
APD6=99
APD7=103
APD8=77
[Probe1_AnalogGainRate]
APD1=60.392157
APD2=43.921569
APD3=272.941176
APD4=60.392157
APD5=60.392157
APD6=2329.411765
APD7=242.352941
APD8=60.392157
[Probe1_TrimmingGainRate]
APD1_Wave1=163.000000
APD1_Wave2=163.000000
APD1_Wave3=8.120000
APD1_Wave4=2.800000
APD1_Wave5=147.360000
APD1_Wave6=47.970000
APD1_Wave7=9.010000
APD1_Wave8=2.190000
APD2_Wave1=163.000000
APD2_Wave2=163.000000
APD2_Wave3=7.550000
APD2_Wave4=1.700000
APD2_Wave5=31.490000
APD2_Wave6=7.150000
APD2_Wave7=32.630000
APD2_Wave8=9.380000
APD3_Wave1=6.460000
APD3_Wave2=1.980000
APD3_Wave3=163.000000
APD3_Wave4=163.000000
APD3_Wave5=19.800000
APD3_Wave6=5.150000
APD3_Wave7=163.000000
APD3_Wave8=71.400000
APD4_Wave1=6.180000
APD4_Wave2=1.460000
APD4_Wave3=163.000000
APD4_Wave4=163.000000
APD4_Wave5=78.890000
APD4_Wave6=17.710000
APD4_Wave7=108.950000
APD4_Wave8=22.960000
APD5_Wave1=6.500000
APD5_Wave2=1.610000
APD5_Wave3=76.390000
APD5_Wave4=15.020000
APD5_Wave5=26.240000
APD5_Wave6=5.390000
APD5_Wave7=163.000000
APD5_Wave8=163.000000
APD6_Wave1=83.960000
APD6_Wave2=27.400000
APD6_Wave3=60.350000
APD6_Wave4=16.700000
APD6_Wave5=163.000000
APD6_Wave6=163.000000
APD6_Wave7=69.290000
APD6_Wave8=13.700000
APD7_Wave1=15.670000
APD7_Wave2=3.610000
APD7_Wave3=14.320000
APD7_Wave4=3.450000
APD7_Wave5=163.000000
APD7_Wave6=163.000000
APD7_Wave7=24.760000
APD7_Wave8=5.410000
APD8_Wave1=163.000000
APD8_Wave2=163.000000
APD8_Wave3=163.000000
APD8_Wave4=163.000000
APD8_Wave5=163.000000
APD8_Wave6=163.000000
APD8_Wave7=163.000000
APD8_Wave8=163.000000
[Probe2_AnalogGainG1]
APD1=10
APD2=10
APD3=10
APD4=10
APD5=10
APD6=10
APD7=10
APD8=10
[Probe2_AnalogGainG2]
APD1=1
APD2=1
APD3=1
APD4=1
APD5=1
APD6=10
APD7=1
APD8=1
[Probe2_AnalogGainG3]
APD1=1
APD2=1
APD3=1
APD4=1
APD5=3
APD6=1
APD7=3
APD8=1
[Probe2_AnalogGainATT]
APD1=65
APD2=41
APD3=33
APD4=140
APD5=160
APD6=143
APD7=230
APD8=162
[Probe2_AnalogGainRate]
APD1=50.980392
APD2=32.156863
APD3=25.882353
APD4=109.803922
APD5=376.470588
APD6=1121.568627
APD7=541.176471
APD8=127.058824
[Probe2_TrimmingGainRate]
APD1_Wave1=163.000000
APD1_Wave2=163.000000
APD1_Wave3=17.500000
APD1_Wave4=5.210000
APD1_Wave5=10.620000
APD1_Wave6=3.140000
APD1_Wave7=15.180000
APD1_Wave8=4.110000
APD2_Wave1=163.000000
APD2_Wave2=163.000000
APD2_Wave3=12.710000
APD2_Wave4=3.570000
APD2_Wave5=16.770000
APD2_Wave6=5.210000
APD2_Wave7=8.320000
APD2_Wave8=3.460000
APD3_Wave1=6.760000
APD3_Wave2=1.750000
APD3_Wave3=163.000000
APD3_Wave4=163.000000
APD3_Wave5=50.980000
APD3_Wave6=14.660000
APD3_Wave7=25.700000
APD3_Wave8=7.240000
APD4_Wave1=8.330000
APD4_Wave2=2.280000
APD4_Wave3=49.890000
APD4_Wave4=11.700000
APD4_Wave5=30.410000
APD4_Wave6=7.020000
APD4_Wave7=25.260000
APD4_Wave8=7.540000
APD5_Wave1=6.400000
APD5_Wave2=2.220000
APD5_Wave3=22.040000
APD5_Wave4=5.520000
APD5_Wave5=163.000000
APD5_Wave6=128.590000
APD5_Wave7=163.000000
APD5_Wave8=163.000000
APD6_Wave1=15.470000
APD6_Wave2=3.180000
APD6_Wave3=47.830000
APD6_Wave4=9.600000
APD6_Wave5=163.000000
APD6_Wave6=163.000000
APD6_Wave7=80.480000
APD6_Wave8=13.790000
APD7_Wave1=15.760000
APD7_Wave2=4.440000
APD7_Wave3=13.930000
APD7_Wave4=2.890000
APD7_Wave5=163.000000
APD7_Wave6=163.000000
APD7_Wave7=163.000000
APD7_Wave8=163.000000
APD8_Wave1=163.000000
APD8_Wave2=163.000000
APD8_Wave3=163.000000
APD8_Wave4=163.000000
APD8_Wave5=163.000000
APD8_Wave6=163.000000
APD8_Wave7=163.000000
APD8_Wave8=163.000000
