[Probe1_AnalogGainG1]
APD1=10
APD2=1
APD3=10
APD4=10
APD5=10
APD6=10
APD7=10
APD8=10
[Probe1_AnalogGainG2]
APD1=1
APD2=1
APD3=1
APD4=1
APD5=1
APD6=1
APD7=1
APD8=10
[Probe1_AnalogGainG3]
APD1=1
APD2=1
APD3=1
APD4=1
APD5=1
APD6=3
APD7=1
APD8=1
[Probe1_AnalogGainATT]
APD1=117
APD2=125
APD3=33
APD4=53
APD5=24
APD6=144
APD7=180
APD8=111
[Probe1_AnalogGainRate]
APD1=91.764706
APD2=9.803922
APD3=25.882353
APD4=41.568627
APD5=18.823529
APD6=338.823529
APD7=141.176471
APD8=870.588235
[Probe1_TrimmingGainRate]
APD1_Wave1=163.000000
APD1_Wave2=163.000000
APD1_Wave3=69.690000
APD1_Wave4=18.480000
APD1_Wave5=4.640000
APD1_Wave6=1.720000
APD1_Wave7=33.100000
APD1_Wave8=7.500000
APD2_Wave1=163.000000
APD2_Wave2=163.000000
APD2_Wave3=163.000000
APD2_Wave4=53.350000
APD2_Wave5=6.190000
APD2_Wave6=1.580000
APD2_Wave7=31.860000
APD2_Wave8=7.120000
APD3_Wave1=5.330000
APD3_Wave2=1.320000
APD3_Wave3=163.000000
APD3_Wave4=163.000000
APD3_Wave5=135.140000
APD3_Wave6=39.930000
APD3_Wave7=134.070000
APD3_Wave8=50.070000
APD4_Wave1=6.420000
APD4_Wave2=1.640000
APD4_Wave3=87.090000
APD4_Wave4=26.570000
APD4_Wave5=144.910000
APD4_Wave6=37.930000
APD4_Wave7=24.570000
APD4_Wave8=6.210000
APD5_Wave1=8.950000
APD5_Wave2=2.050000
APD5_Wave3=56.160000
APD5_Wave4=11.140000
APD5_Wave5=19.390000
APD5_Wave6=4.920000
APD5_Wave7=163.000000
APD5_Wave8=163.000000
APD6_Wave1=16.480000
APD6_Wave2=4.890000
APD6_Wave3=10.310000
APD6_Wave4=2.420000
APD6_Wave5=163.000000
APD6_Wave6=163.000000
APD6_Wave7=24.740000
APD6_Wave8=7.190000
APD7_Wave1=11.090000
APD7_Wave2=2.820000
APD7_Wave3=16.720000
APD7_Wave4=3.950000
APD7_Wave5=163.000000
APD7_Wave6=163.000000
APD7_Wave7=16.120000
APD7_Wave8=4.300000
APD8_Wave1=163.000000
APD8_Wave2=163.000000
APD8_Wave3=163.000000
APD8_Wave4=163.000000
APD8_Wave5=163.000000
APD8_Wave6=163.000000
APD8_Wave7=163.000000
APD8_Wave8=163.000000
[Probe2_AnalogGainG1]
APD1=10
APD2=10
APD3=1
APD4=10
APD5=10
APD6=10
APD7=10
APD8=10
[Probe2_AnalogGainG2]
APD1=1
APD2=1
APD3=1
APD4=1
APD5=1
APD6=1
APD7=1
APD8=10
[Probe2_AnalogGainG3]
APD1=1
APD2=3
APD3=1
APD4=1
APD5=3
APD6=1
APD7=3
APD8=1
[Probe2_AnalogGainATT]
APD1=32
APD2=118
APD3=59
APD4=106
APD5=117
APD6=194
APD7=130
APD8=110
[Probe2_AnalogGainRate]
APD1=25.098039
APD2=277.647059
APD3=4.627451
APD4=83.137255
APD5=275.294118
APD6=152.156863
APD7=305.882353
APD8=862.745098
[Probe2_TrimmingGainRate]
APD1_Wave1=163.000000
APD1_Wave2=163.000000
APD1_Wave3=5.810000
APD1_Wave4=1.890000
APD1_Wave5=20.600000
APD1_Wave6=6.240000
APD1_Wave7=95.330000
APD1_Wave8=14.030000
APD2_Wave1=163.000000
APD2_Wave2=163.000000
APD2_Wave3=19.160000
APD2_Wave4=3.170000
APD2_Wave5=10.430000
APD2_Wave6=2.740000
APD2_Wave7=55.720000
APD2_Wave8=11.690000
APD3_Wave1=7.600000
APD3_Wave2=4.160000
APD3_Wave3=163.000000
APD3_Wave4=163.000000
APD3_Wave5=5.980000
APD3_Wave6=2.820000
APD3_Wave7=31.820000
APD3_Wave8=13.550000
APD4_Wave1=15.900000
APD4_Wave2=2.550000
APD4_Wave3=12.280000
APD4_Wave4=3.930000
APD4_Wave5=35.020000
APD4_Wave6=8.640000
APD4_Wave7=66.940000
APD4_Wave8=16.660000
APD5_Wave1=11.350000
APD5_Wave2=3.110000
APD5_Wave3=14.950000
APD5_Wave4=3.990000
APD5_Wave5=20.310000
APD5_Wave6=6.450000
APD5_Wave7=163.000000
APD5_Wave8=163.000000
APD6_Wave1=9.770000
APD6_Wave2=3.540000
APD6_Wave3=8.210000
APD6_Wave4=2.730000
APD6_Wave5=163.000000
APD6_Wave6=163.000000
APD6_Wave7=69.120000
APD6_Wave8=16.920000
APD7_Wave1=17.980000
APD7_Wave2=4.890000
APD7_Wave3=22.260000
APD7_Wave4=5.980000
APD7_Wave5=163.000000
APD7_Wave6=163.000000
APD7_Wave7=9.550000
APD7_Wave8=3.380000
APD8_Wave1=163.000000
APD8_Wave2=163.000000
APD8_Wave3=163.000000
APD8_Wave4=163.000000
APD8_Wave5=163.000000
APD8_Wave6=163.000000
APD8_Wave7=163.000000
APD8_Wave8=163.000000
