[Probe1_AnalogGainG1]
APD1=1
APD2=1
APD3=1
APD4=1
APD5=1
APD6=1
APD7=1
APD8=10
[Probe1_AnalogGainG2]
APD1=1
APD2=1
APD3=1
APD4=1
APD5=1
APD6=1
APD7=1
APD8=1
[Probe1_AnalogGainG3]
APD1=1
APD2=1
APD3=1
APD4=1
APD5=1
APD6=1
APD7=1
APD8=1
[Probe1_AnalogGainATT]
APD1=51
APD2=16
APD3=84
APD4=48
APD5=16
APD6=121
APD7=64
APD8=35
[Probe1_AnalogGainRate]
APD1=4.000000
APD2=1.254902
APD3=6.588235
APD4=3.764706
APD5=1.254902
APD6=9.490196
APD7=5.019608
APD8=27.450980
[Probe1_TrimmingGainRate]
APD1_Wave1=163.000000
APD1_Wave2=163.000000
APD1_Wave3=10.050000
APD1_Wave4=3.790000
APD1_Wave5=7.080000
APD1_Wave6=2.360000
APD1_Wave7=52.060000
APD1_Wave8=14.780000
APD2_Wave1=163.000000
APD2_Wave2=163.000000
APD2_Wave3=163.000000
APD2_Wave4=71.700000
APD2_Wave5=11.930000
APD2_Wave6=4.460000
APD2_Wave7=21.020000
APD2_Wave8=9.960000
APD3_Wave1=10.510000
APD3_Wave2=3.520000
APD3_Wave3=163.000000
APD3_Wave4=163.000000
APD3_Wave5=17.360000
APD3_Wave6=4.970000
APD3_Wave7=8.760000
APD3_Wave8=2.800000
APD4_Wave1=5.920000
APD4_Wave2=1.960000
APD4_Wave3=39.980000
APD4_Wave4=11.290000
APD4_Wave5=65.730000
APD4_Wave6=16.750000
APD4_Wave7=28.010000
APD4_Wave8=8.500000
APD5_Wave1=5.540000
APD5_Wave2=3.230000
APD5_Wave3=54.440000
APD5_Wave4=24.780000
APD5_Wave5=8.790000
APD5_Wave6=5.230000
APD5_Wave7=163.000000
APD5_Wave8=163.000000
APD6_Wave1=9.560000
APD6_Wave2=2.990000
APD6_Wave3=10.680000
APD6_Wave4=3.140000
APD6_Wave5=163.000000
APD6_Wave6=163.000000
APD6_Wave7=19.140000
APD6_Wave8=5.730000
APD7_Wave1=7.340000
APD7_Wave2=2.420000
APD7_Wave3=27.110000
APD7_Wave4=7.220000
APD7_Wave5=163.000000
APD7_Wave6=163.000000
APD7_Wave7=11.220000
APD7_Wave8=5.430000
APD8_Wave1=163.000000
APD8_Wave2=163.000000
APD8_Wave3=163.000000
APD8_Wave4=163.000000
APD8_Wave5=163.000000
APD8_Wave6=163.000000
APD8_Wave7=163.000000
APD8_Wave8=163.000000
[Probe2_AnalogGainG1]
APD1=1
APD2=1
APD3=1
APD4=1
APD5=1
APD6=1
APD7=1
APD8=10
[Probe2_AnalogGainG2]
APD1=1
APD2=1
APD3=1
APD4=1
APD5=1
APD6=1
APD7=1
APD8=1
[Probe2_AnalogGainG3]
APD1=1
APD2=1
APD3=1
APD4=1
APD5=1
APD6=1
APD7=1
APD8=1
[Probe2_AnalogGainATT]
APD1=183
APD2=36
APD3=16
APD4=84
APD5=71
APD6=119
APD7=131
APD8=135
[Probe2_AnalogGainRate]
APD1=14.352941
APD2=2.823529
APD3=1.254902
APD4=6.588235
APD5=5.568627
APD6=9.333333
APD7=10.274510
APD8=105.882353
[Probe2_TrimmingGainRate]
APD1_Wave1=163.000000
APD1_Wave2=163.000000
APD1_Wave3=8.590000
APD1_Wave4=3.790000
APD1_Wave5=7.130000
APD1_Wave6=2.950000
APD1_Wave7=53.340000
APD1_Wave8=18.810000
APD2_Wave1=163.000000
APD2_Wave2=163.000000
APD2_Wave3=60.580000
APD2_Wave4=23.460000
APD2_Wave5=4.720000
APD2_Wave6=1.830000
APD2_Wave7=14.110000
APD2_Wave8=6.610000
APD3_Wave1=10.940000
APD3_Wave2=5.710000
APD3_Wave3=163.000000
APD3_Wave4=163.000000
APD3_Wave5=8.020000
APD3_Wave6=4.560000
APD3_Wave7=50.180000
APD3_Wave8=21.340000
APD4_Wave1=11.200000
APD4_Wave2=4.030000
APD4_Wave3=14.730000
APD4_Wave4=5.800000
APD4_Wave5=19.490000
APD4_Wave6=5.790000
APD4_Wave7=21.210000
APD4_Wave8=5.960000
APD5_Wave1=10.980000
APD5_Wave2=3.710000
APD5_Wave3=10.280000
APD5_Wave4=3.040000
APD5_Wave5=16.850000
APD5_Wave6=5.940000
APD5_Wave7=163.000000
APD5_Wave8=163.000000
APD6_Wave1=4.840000
APD6_Wave2=2.210000
APD6_Wave3=13.720000
APD6_Wave4=6.890000
APD6_Wave5=163.000000
APD6_Wave6=163.000000
APD6_Wave7=35.270000
APD6_Wave8=11.120000
APD7_Wave1=11.640000
APD7_Wave2=3.010000
APD7_Wave3=18.890000
APD7_Wave4=5.330000
APD7_Wave5=163.000000
APD7_Wave6=163.000000
APD7_Wave7=11.640000
APD7_Wave8=3.850000
APD8_Wave1=163.000000
APD8_Wave2=163.000000
APD8_Wave3=163.000000
APD8_Wave4=163.000000
APD8_Wave5=163.000000
APD8_Wave6=163.000000
APD8_Wave7=163.000000
APD8_Wave8=163.000000
