[Probe1_AnalogGainG1]
APD1=10
APD2=1
APD3=10
APD4=1
APD5=1
APD6=1
APD7=1
APD8=10
[Probe1_AnalogGainG2]
APD1=1
APD2=1
APD3=1
APD4=1
APD5=1
APD6=1
APD7=1
APD8=1
[Probe1_AnalogGainG3]
APD1=1
APD2=1
APD3=1
APD4=1
APD5=1
APD6=1
APD7=1
APD8=1
[Probe1_AnalogGainATT]
APD1=63
APD2=16
APD3=139
APD4=45
APD5=16
APD6=136
APD7=16
APD8=209
[Probe1_AnalogGainRate]
APD1=49.411765
APD2=1.254902
APD3=109.019608
APD4=3.529412
APD5=1.254902
APD6=10.666667
APD7=1.254902
APD8=163.921569
[Probe1_TrimmingGainRate]
APD1_Wave1=163.000000
APD1_Wave2=163.000000
APD1_Wave3=9.020000
APD1_Wave4=4.110000
APD1_Wave5=21.570000
APD1_Wave6=11.770000
APD1_Wave7=6.410000
APD1_Wave8=2.620000
APD2_Wave1=163.000000
APD2_Wave2=163.000000
APD2_Wave3=10.410000
APD2_Wave4=5.730000
APD2_Wave5=1.870000
APD2_Wave6=0.990000
APD2_Wave7=7.570000
APD2_Wave8=4.890000
APD3_Wave1=9.300000
APD3_Wave2=4.160000
APD3_Wave3=163.000000
APD3_Wave4=163.000000
APD3_Wave5=15.330000
APD3_Wave6=6.620000
APD3_Wave7=7.270000
APD3_Wave8=3.640000
APD4_Wave1=27.030000
APD4_Wave2=12.710000
APD4_Wave3=157.290000
APD4_Wave4=105.180000
APD4_Wave5=11.500000
APD4_Wave6=6.370000
APD4_Wave7=4.680000
APD4_Wave8=2.570000
APD5_Wave1=14.410000
APD5_Wave2=8.960000
APD5_Wave3=7.650000
APD5_Wave4=4.270000
APD5_Wave5=163.000000
APD5_Wave6=163.000000
APD5_Wave7=163.000000
APD5_Wave8=163.000000
APD6_Wave1=108.580000
APD6_Wave2=59.170000
APD6_Wave3=41.600000
APD6_Wave4=17.220000
APD6_Wave5=163.000000
APD6_Wave6=163.000000
APD6_Wave7=3.240000
APD6_Wave8=1.770000
APD7_Wave1=27.000000
APD7_Wave2=13.100000
APD7_Wave3=6.590000
APD7_Wave4=3.480000
APD7_Wave5=163.000000
APD7_Wave6=163.000000
APD7_Wave7=45.990000
APD7_Wave8=21.970000
APD8_Wave1=163.000000
APD8_Wave2=163.000000
APD8_Wave3=163.000000
APD8_Wave4=163.000000
APD8_Wave5=163.000000
APD8_Wave6=163.000000
APD8_Wave7=163.000000
APD8_Wave8=163.000000
[Probe2_AnalogGainG1]
APD1=1
APD2=10
APD3=1
APD4=1
APD5=1
APD6=1
APD7=1
APD8=10
[Probe2_AnalogGainG2]
APD1=1
APD2=1
APD3=1
APD4=1
APD5=1
APD6=1
APD7=1
APD8=1
[Probe2_AnalogGainG3]
APD1=1
APD2=1
APD3=1
APD4=1
APD5=1
APD6=1
APD7=1
APD8=1
[Probe2_AnalogGainATT]
APD1=161
APD2=139
APD3=43
APD4=84
APD5=237
APD6=59
APD7=84
APD8=225
[Probe2_AnalogGainRate]
APD1=12.627451
APD2=109.019608
APD3=3.372549
APD4=6.588235
APD5=18.588235
APD6=4.627451
APD7=6.588235
APD8=176.470588
[Probe2_TrimmingGainRate]
APD1_Wave1=163.000000
APD1_Wave2=163.000000
APD1_Wave3=3.610000
APD1_Wave4=2.520000
APD1_Wave5=7.490000
APD1_Wave6=6.460000
APD1_Wave7=75.060000
APD1_Wave8=41.830000
APD2_Wave1=163.000000
APD2_Wave2=163.000000
APD2_Wave3=8.840000
APD2_Wave4=4.900000
APD2_Wave5=6.170000
APD2_Wave6=3.670000
APD2_Wave7=85.200000
APD2_Wave8=38.110000
APD3_Wave1=5.290000
APD3_Wave2=3.170000
APD3_Wave3=163.000000
APD3_Wave4=163.000000
APD3_Wave5=163.000000
APD3_Wave6=163.000000
APD3_Wave7=5.100000
APD3_Wave8=3.620000
APD4_Wave1=163.000000
APD4_Wave2=163.000000
APD4_Wave3=163.000000
APD4_Wave4=163.000000
APD4_Wave5=4.220000
APD4_Wave6=2.580000
APD4_Wave7=6.080000
APD4_Wave8=3.710000
APD5_Wave1=8.030000
APD5_Wave2=4.540000
APD5_Wave3=5.720000
APD5_Wave4=3.130000
APD5_Wave5=17.470000
APD5_Wave6=15.430000
APD5_Wave7=163.000000
APD5_Wave8=163.000000
APD6_Wave1=8.600000
APD6_Wave2=5.210000
APD6_Wave3=12.870000
APD6_Wave4=8.170000
APD6_Wave5=163.000000
APD6_Wave6=163.000000
APD6_Wave7=5.470000
APD6_Wave8=3.610000
APD7_Wave1=9.140000
APD7_Wave2=5.530000
APD7_Wave3=3.660000
APD7_Wave4=2.490000
APD7_Wave5=163.000000
APD7_Wave6=163.000000
APD7_Wave7=46.390000
APD7_Wave8=39.040000
APD8_Wave1=163.000000
APD8_Wave2=163.000000
APD8_Wave3=163.000000
APD8_Wave4=163.000000
APD8_Wave5=163.000000
APD8_Wave6=163.000000
APD8_Wave7=163.000000
APD8_Wave8=163.000000
