[Probe1_AnalogGainG1]
APD1=10
APD2=1
APD3=10
APD4=1
APD5=10
APD6=10
APD7=1
APD8=10
[Probe1_AnalogGainG2]
APD1=1
APD2=1
APD3=1
APD4=1
APD5=1
APD6=1
APD7=1
APD8=1
[Probe1_AnalogGainG3]
APD1=1
APD2=1
APD3=1
APD4=1
APD5=1
APD6=1
APD7=1
APD8=1
[Probe1_AnalogGainATT]
APD1=25
APD2=148
APD3=236
APD4=142
APD5=49
APD6=50
APD7=179
APD8=167
[Probe1_AnalogGainRate]
APD1=19.607843
APD2=11.607843
APD3=185.098039
APD4=11.137255
APD5=38.431373
APD6=39.215686
APD7=14.039216
APD8=130.980392
[Probe1_TrimmingGainRate]
APD1_Wave1=163.000000
APD1_Wave2=163.000000
APD1_Wave3=25.120000
APD1_Wave4=4.960000
APD1_Wave5=52.180000
APD1_Wave6=8.700000
APD1_Wave7=5.890000
APD1_Wave8=2.010000
APD2_Wave1=163.000000
APD2_Wave2=163.000000
APD2_Wave3=25.230000
APD2_Wave4=5.910000
APD2_Wave5=7.960000
APD2_Wave6=1.980000
APD2_Wave7=22.020000
APD2_Wave8=6.930000
APD3_Wave1=24.240000
APD3_Wave2=3.100000
APD3_Wave3=163.000000
APD3_Wave4=163.000000
APD3_Wave5=15.190000
APD3_Wave6=2.180000
APD3_Wave7=91.910000
APD3_Wave8=8.580000
APD4_Wave1=9.940000
APD4_Wave2=3.030000
APD4_Wave3=123.300000
APD4_Wave4=23.350000
APD4_Wave5=12.830000
APD4_Wave6=3.670000
APD4_Wave7=14.730000
APD4_Wave8=4.070000
APD5_Wave1=8.930000
APD5_Wave2=2.120000
APD5_Wave3=23.670000
APD5_Wave4=5.180000
APD5_Wave5=20.630000
APD5_Wave6=5.950000
APD5_Wave7=163.000000
APD5_Wave8=163.000000
APD6_Wave1=58.730000
APD6_Wave2=7.280000
APD6_Wave3=91.930000
APD6_Wave4=13.220000
APD6_Wave5=163.000000
APD6_Wave6=163.000000
APD6_Wave7=6.490000
APD6_Wave8=1.630000
APD7_Wave1=10.570000
APD7_Wave2=2.890000
APD7_Wave3=10.100000
APD7_Wave4=2.440000
APD7_Wave5=163.000000
APD7_Wave6=163.000000
APD7_Wave7=48.600000
APD7_Wave8=16.070000
APD8_Wave1=163.000000
APD8_Wave2=163.000000
APD8_Wave3=163.000000
APD8_Wave4=163.000000
APD8_Wave5=163.000000
APD8_Wave6=163.000000
APD8_Wave7=163.000000
APD8_Wave8=163.000000
[Probe2_AnalogGainG1]
APD1=1
APD2=1
APD3=1
APD4=1
APD5=1
APD6=1
APD7=1
APD8=10
[Probe2_AnalogGainG2]
APD1=1
APD2=1
APD3=1
APD4=1
APD5=1
APD6=1
APD7=1
APD8=1
[Probe2_AnalogGainG3]
APD1=1
APD2=1
APD3=1
APD4=1
APD5=1
APD6=1
APD7=1
APD8=1
[Probe2_AnalogGainATT]
APD1=52
APD2=84
APD3=47
APD4=16
APD5=140
APD6=183
APD7=133
APD8=99
[Probe2_AnalogGainRate]
APD1=4.078431
APD2=6.588235
APD3=3.686275
APD4=1.254902
APD5=10.980392
APD6=14.352941
APD7=10.431373
APD8=77.647059
[Probe2_TrimmingGainRate]
APD1_Wave1=163.000000
APD1_Wave2=163.000000
APD1_Wave3=41.640000
APD1_Wave4=15.680000
APD1_Wave5=4.520000
APD1_Wave6=1.700000
APD1_Wave7=32.450000
APD1_Wave8=9.800000
APD2_Wave1=163.000000
APD2_Wave2=163.000000
APD2_Wave3=26.580000
APD2_Wave4=7.350000
APD2_Wave5=15.760000
APD2_Wave6=5.280000
APD2_Wave7=5.800000
APD2_Wave8=2.330000
APD3_Wave1=4.610000
APD3_Wave2=2.320000
APD3_Wave3=163.000000
APD3_Wave4=163.000000
APD3_Wave5=16.610000
APD3_Wave6=9.190000
APD3_Wave7=15.060000
APD3_Wave8=6.980000
APD4_Wave1=11.940000
APD4_Wave2=4.560000
APD4_Wave3=68.530000
APD4_Wave4=24.090000
APD4_Wave5=69.490000
APD4_Wave6=28.260000
APD4_Wave7=22.630000
APD4_Wave8=8.970000
APD5_Wave1=8.260000
APD5_Wave2=2.620000
APD5_Wave3=28.280000
APD5_Wave4=9.810000
APD5_Wave5=8.410000
APD5_Wave6=4.290000
APD5_Wave7=163.000000
APD5_Wave8=163.000000
APD6_Wave1=8.340000
APD6_Wave2=2.480000
APD6_Wave3=12.430000
APD6_Wave4=5.760000
APD6_Wave5=163.000000
APD6_Wave6=163.000000
APD6_Wave7=14.180000
APD6_Wave8=5.590000
APD7_Wave1=21.180000
APD7_Wave2=7.130000
APD7_Wave3=4.890000
APD7_Wave4=2.070000
APD7_Wave5=163.000000
APD7_Wave6=163.000000
APD7_Wave7=23.200000
APD7_Wave8=11.280000
APD8_Wave1=163.000000
APD8_Wave2=163.000000
APD8_Wave3=163.000000
APD8_Wave4=163.000000
APD8_Wave5=163.000000
APD8_Wave6=163.000000
APD8_Wave7=163.000000
APD8_Wave8=163.000000
