[Probe1_AnalogGainG1]
APD1=10
APD2=10
APD3=10
APD4=10
APD5=10
APD6=10
APD7=10
APD8=10
[Probe1_AnalogGainG2]
APD1=1
APD2=1
APD3=10
APD4=1
APD5=1
APD6=1
APD7=1
APD8=1
[Probe1_AnalogGainG3]
APD1=1
APD2=1
APD3=1
APD4=1
APD5=3
APD6=3
APD7=3
APD8=1
[Probe1_AnalogGainATT]
APD1=143
APD2=25
APD3=126
APD4=44
APD5=90
APD6=113
APD7=118
APD8=150
[Probe1_AnalogGainRate]
APD1=112.156863
APD2=19.607843
APD3=988.235294
APD4=34.509804
APD5=211.764706
APD6=265.882353
APD7=277.647059
APD8=117.647059
[Probe1_TrimmingGainRate]
APD1_Wave1=163.000000
APD1_Wave2=163.000000
APD1_Wave3=163.000000
APD1_Wave4=24.480000
APD1_Wave5=13.940000
APD1_Wave6=1.870000
APD1_Wave7=20.390000
APD1_Wave8=5.380000
APD2_Wave1=163.000000
APD2_Wave2=163.000000
APD2_Wave3=82.490000
APD2_Wave4=28.200000
APD2_Wave5=4.870000
APD2_Wave6=1.590000
APD2_Wave7=12.450000
APD2_Wave8=5.380000
APD3_Wave1=103.260000
APD3_Wave2=3.600000
APD3_Wave3=163.000000
APD3_Wave4=163.000000
APD3_Wave5=163.000000
APD3_Wave6=8.930000
APD3_Wave7=81.700000
APD3_Wave8=3.610000
APD4_Wave1=5.120000
APD4_Wave2=1.670000
APD4_Wave3=131.090000
APD4_Wave4=23.040000
APD4_Wave5=131.120000
APD4_Wave6=24.550000
APD4_Wave7=42.300000
APD4_Wave8=12.190000
APD5_Wave1=20.600000
APD5_Wave2=2.250000
APD5_Wave3=163.000000
APD5_Wave4=18.130000
APD5_Wave5=36.690000
APD5_Wave6=3.130000
APD5_Wave7=163.000000
APD5_Wave8=163.000000
APD6_Wave1=15.480000
APD6_Wave2=2.430000
APD6_Wave3=36.400000
APD6_Wave4=6.170000
APD6_Wave5=163.000000
APD6_Wave6=163.000000
APD6_Wave7=37.030000
APD6_Wave8=5.070000
APD7_Wave1=15.890000
APD7_Wave2=2.050000
APD7_Wave3=163.000000
APD7_Wave4=32.390000
APD7_Wave5=163.000000
APD7_Wave6=163.000000
APD7_Wave7=57.400000
APD7_Wave8=5.180000
APD8_Wave1=163.000000
APD8_Wave2=163.000000
APD8_Wave3=163.000000
APD8_Wave4=163.000000
APD8_Wave5=163.000000
APD8_Wave6=163.000000
APD8_Wave7=163.000000
APD8_Wave8=163.000000
[Probe2_AnalogGainG1]
APD1=10
APD2=10
APD3=10
APD4=10
APD5=10
APD6=10
APD7=10
APD8=10
[Probe2_AnalogGainG2]
APD1=1
APD2=10
APD3=1
APD4=1
APD5=1
APD6=1
APD7=10
APD8=1
[Probe2_AnalogGainG3]
APD1=1
APD2=1
APD3=1
APD4=3
APD5=1
APD6=3
APD7=1
APD8=1
[Probe2_AnalogGainATT]
APD1=183
APD2=214
APD3=89
APD4=97
APD5=160
APD6=131
APD7=126
APD8=219
[Probe2_AnalogGainRate]
APD1=143.529412
APD2=1678.431373
APD3=69.803922
APD4=228.235294
APD5=125.490196
APD6=308.235294
APD7=988.235294
APD8=171.764706
[Probe2_TrimmingGainRate]
APD1_Wave1=163.000000
APD1_Wave2=163.000000
APD1_Wave3=6.620000
APD1_Wave4=1.890000
APD1_Wave5=23.290000
APD1_Wave6=4.480000
APD1_Wave7=163.000000
APD1_Wave8=23.060000
APD2_Wave1=163.000000
APD2_Wave2=163.000000
APD2_Wave3=119.980000
APD2_Wave4=6.100000
APD2_Wave5=162.140000
APD2_Wave6=8.690000
APD2_Wave7=163.000000
APD2_Wave8=27.140000
APD3_Wave1=7.410000
APD3_Wave2=2.270000
APD3_Wave3=163.000000
APD3_Wave4=163.000000
APD3_Wave5=20.210000
APD3_Wave6=3.970000
APD3_Wave7=112.290000
APD3_Wave8=22.520000
APD4_Wave1=29.300000
APD4_Wave2=3.740000
APD4_Wave3=31.740000
APD4_Wave4=6.440000
APD4_Wave5=27.820000
APD4_Wave6=3.260000
APD4_Wave7=47.030000
APD4_Wave8=7.700000
APD5_Wave1=9.210000
APD5_Wave2=1.400000
APD5_Wave3=127.980000
APD5_Wave4=15.350000
APD5_Wave5=114.730000
APD5_Wave6=15.750000
APD5_Wave7=163.000000
APD5_Wave8=163.000000
APD6_Wave1=19.940000
APD6_Wave2=2.980000
APD6_Wave3=26.390000
APD6_Wave4=3.160000
APD6_Wave5=163.000000
APD6_Wave6=163.000000
APD6_Wave7=163.000000
APD6_Wave8=22.150000
APD7_Wave1=163.000000
APD7_Wave2=11.270000
APD7_Wave3=138.310000
APD7_Wave4=5.560000
APD7_Wave5=163.000000
APD7_Wave6=163.000000
APD7_Wave7=41.910000
APD7_Wave8=4.360000
APD8_Wave1=163.000000
APD8_Wave2=163.000000
APD8_Wave3=163.000000
APD8_Wave4=163.000000
APD8_Wave5=163.000000
APD8_Wave6=163.000000
APD8_Wave7=163.000000
APD8_Wave8=163.000000
