[Probe1_AnalogGainG1]
APD1=10
APD2=10
APD3=10
APD4=10
APD5=10
APD6=10
APD7=10
APD8=10
[Probe1_AnalogGainG2]
APD1=1
APD2=1
APD3=10
APD4=1
APD5=1
APD6=1
APD7=1
APD8=1
[Probe1_AnalogGainG3]
APD1=1
APD2=1
APD3=1
APD4=1
APD5=1
APD6=3
APD7=1
APD8=3
[Probe1_AnalogGainATT]
APD1=96
APD2=27
APD3=145
APD4=26
APD5=38
APD6=191
APD7=184
APD8=125
[Probe1_AnalogGainRate]
APD1=75.294118
APD2=21.176471
APD3=1137.254902
APD4=20.392157
APD5=29.803922
APD6=449.411765
APD7=144.313725
APD8=294.117647
[Probe1_TrimmingGainRate]
APD1_Wave1=163.000000
APD1_Wave2=163.000000
APD1_Wave3=163.000000
APD1_Wave4=21.350000
APD1_Wave5=7.860000
APD1_Wave6=2.340000
APD1_Wave7=14.370000
APD1_Wave8=3.100000
APD2_Wave1=163.000000
APD2_Wave2=163.000000
APD2_Wave3=12.930000
APD2_Wave4=3.850000
APD2_Wave5=10.560000
APD2_Wave6=3.230000
APD2_Wave7=18.040000
APD2_Wave8=4.470000
APD3_Wave1=45.600000
APD3_Wave2=5.460000
APD3_Wave3=163.000000
APD3_Wave4=163.000000
APD3_Wave5=163.000000
APD3_Wave6=163.000000
APD3_Wave7=12.660000
APD3_Wave8=2.950000
APD4_Wave1=12.760000
APD4_Wave2=2.980000
APD4_Wave3=20.910000
APD4_Wave4=7.390000
APD4_Wave5=30.980000
APD4_Wave6=11.510000
APD4_Wave7=9.690000
APD4_Wave8=2.820000
APD5_Wave1=8.020000
APD5_Wave2=1.920000
APD5_Wave3=14.270000
APD5_Wave4=3.720000
APD5_Wave5=163.000000
APD5_Wave6=163.000000
APD5_Wave7=163.000000
APD5_Wave8=163.000000
APD6_Wave1=13.340000
APD6_Wave2=3.040000
APD6_Wave3=163.000000
APD6_Wave4=163.000000
APD6_Wave5=163.000000
APD6_Wave6=163.000000
APD6_Wave7=13.250000
APD6_Wave8=3.140000
APD7_Wave1=10.930000
APD7_Wave2=3.030000
APD7_Wave3=7.840000
APD7_Wave4=2.300000
APD7_Wave5=163.000000
APD7_Wave6=163.000000
APD7_Wave7=163.000000
APD7_Wave8=61.930000
APD8_Wave1=163.000000
APD8_Wave2=163.000000
APD8_Wave3=163.000000
APD8_Wave4=163.000000
APD8_Wave5=163.000000
APD8_Wave6=163.000000
APD8_Wave7=163.000000
APD8_Wave8=163.000000
[Probe2_AnalogGainG1]
APD1=1
APD2=1
APD3=1
APD4=1
APD5=10
APD6=10
APD7=10
APD8=10
[Probe2_AnalogGainG2]
APD1=1
APD2=1
APD3=1
APD4=1
APD5=10
APD6=1
APD7=1
APD8=1
[Probe2_AnalogGainG3]
APD1=1
APD2=1
APD3=1
APD4=1
APD5=1
APD6=1
APD7=1
APD8=3
[Probe2_AnalogGainATT]
APD1=183
APD2=186
APD3=174
APD4=169
APD5=144
APD6=150
APD7=77
APD8=176
[Probe2_AnalogGainRate]
APD1=14.352941
APD2=14.588235
APD3=13.647059
APD4=13.254902
APD5=1129.411765
APD6=117.647059
APD7=60.392157
APD8=414.117647
[Probe2_TrimmingGainRate]
APD1_Wave1=163.000000
APD1_Wave2=163.000000
APD1_Wave3=14.840000
APD1_Wave4=5.300000
APD1_Wave5=7.660000
APD1_Wave6=2.520000
APD1_Wave7=17.230000
APD1_Wave8=6.070000
APD2_Wave1=163.000000
APD2_Wave2=163.000000
APD2_Wave3=17.200000
APD2_Wave4=6.010000
APD2_Wave5=11.910000
APD2_Wave6=2.600000
APD2_Wave7=12.590000
APD2_Wave8=4.220000
APD3_Wave1=4.060000
APD3_Wave2=2.280000
APD3_Wave3=163.000000
APD3_Wave4=163.000000
APD3_Wave5=17.810000
APD3_Wave6=7.130000
APD3_Wave7=27.630000
APD3_Wave8=13.200000
APD4_Wave1=8.660000
APD4_Wave2=3.140000
APD4_Wave3=32.430000
APD4_Wave4=11.880000
APD4_Wave5=64.500000
APD4_Wave6=24.550000
APD4_Wave7=12.500000
APD4_Wave8=2.750000
APD5_Wave1=72.080000
APD5_Wave2=9.070000
APD5_Wave3=34.500000
APD5_Wave4=3.320000
APD5_Wave5=60.030000
APD5_Wave6=14.730000
APD5_Wave7=163.000000
APD5_Wave8=163.000000
APD6_Wave1=8.670000
APD6_Wave2=3.420000
APD6_Wave3=12.350000
APD6_Wave4=3.000000
APD6_Wave5=163.000000
APD6_Wave6=163.000000
APD6_Wave7=29.610000
APD6_Wave8=8.000000
APD7_Wave1=15.310000
APD7_Wave2=3.800000
APD7_Wave3=7.670000
APD7_Wave4=2.630000
APD7_Wave5=163.000000
APD7_Wave6=163.000000
APD7_Wave7=89.690000
APD7_Wave8=43.680000
APD8_Wave1=163.000000
APD8_Wave2=163.000000
APD8_Wave3=163.000000
APD8_Wave4=163.000000
APD8_Wave5=163.000000
APD8_Wave6=163.000000
APD8_Wave7=163.000000
APD8_Wave8=163.000000
